512
349
865
143
105
937
618
200
632
96
804
167
278
496
167
986
832
569
538
266
967
92
75
933
319
947
465
715
211
331
810
747
162
932
283
432
5
217
389
755
587
23
306
925
870
226
800
764
23
141
177
414
908
538
944
1
739
5
116
361
171
47
770
998
289
702
29
976
557
108
936
560
241
293
198
978
221
682
796
334
927
96
853
416
882
369
747
676
538
173
903
927
63
583
384
650
855
383
946
211
72
766
236
881
833
20
392
703
309
711
635
264
622
981
352
895
87
75
531
478
514
334
500
405
955
219
650
935
279
148
313
419
144
990
18
782
513
211
784
117
143
742
263
750
717
137
705
381
59
816
78
161
768
547
968
505
464
715
390
771
251
219
452
181
326
442
432
89
280
474
323
253
458
109
872
141
16
6
383
302
839
991
639
79
202
0
200
840
292
952
851
229
831
842
47
165
696
231
249
271
78
783
992
695
724
995
126
694
759
175
712
468
385
789
698
688
644
749
86
412
1
102
488
647
864
270
657
679
367
935
47
602
884
799
295
740
435
693
490
892
221
592
118
955
842
31
77
436
137
183
591
985
766
585
736
571
567
200
526
518
221
966
253
554
438
213
385
196
793
87
484
653
431
945
390
675
840
825
742
916
477
453
223
685
852
414
624
908
401
165
545
574
565
317
418
848
584
602
175
16
898
462
700
381
532
333
299
105
778
982
565
943
634
967
652
580
672
191
77
610
452
623
21
530
203
660
785
257
91
880
289
486
142
633
71
267
389
637
244
702
485
830
302
359
617
13
671
414
165
425
282
552
829
851
76
995
385
952
861
68
716
550
144
41
280
596
229
677
693
872
767
341
984
893
487
792
234
425
786
877
559
863
4
318
613
883
988
580
930
136
177
854
212
910
715
811
115
864
149
544
380
366
773
650
919
127
997
610
36
601
567
600
614
729
921
262
437
619
219
214
443
88
7
778
599
20
805
14
814
787
104
971
383
984
719
189
631
563
790
142
522
487
856
972
265
899
445
491
151
324
739
35
663
792
244
529
422
72
826
565
444
628
104
655
852
950
625
132
480
230
798
642
551
115
656
571
83
949
454
374
138
7
517
88
263
993
197
176
415
843
408
375
126
392
267
250
453
795
221
937
212
706
556
887
353
522
852
789
946
828
634
821
925
563
789
903
941
812
386
416
800
750
255
177
640
989
245
681
392
250
467
433
304
788
323
604
402
435
408
436
55
622
42
874
462
646
372
309
397
715
918
629
833
761
982
372
878
771
923
589
199
373
393
244
910
410
384
423
825
347
851
451
41
283
781
200
370
186
331
444
617
914
151
48
602
289
496
7
251
385
883
660
826
898
826
136
515
532
186
375
571
812
401
45
309
617
291
0
455
439
101
706
749
129
887
345
792
274
912
414
512
721
637
778
769
446
793
225
81
63
215
525
73
57
255
680
706
258
547
187
958
31
566
841
435
539
243
534
139
462
606
628
799
908
487
22
252
508
111
447
43
584
83
483
3
986
756
994
736
684
210
150
217
242
287
903
303
561
375
89
656
561
310
855
863
246
585
450
392
485
12
878
934
485
550
594
737
534
211
306
975
728
252
911
779
129
115
965
154
661
976
341
710
425
822
170
330
368
176
569
722
885
781
473
466
43
347
485
82
664
611
564
98
557
221
616
58
483
75
520
291
411
537
581
453
254
747
454
432
92
559
974
796
901
347
351
330
947
947
157
609
556
140
348
46
201
485
496
48
78
907
521
517
843
850
813
489
349
86
227
584
219
452
863
760
209
977
57
956
982
670
544
43
361
354
162
837
201
712
927
606
795
156
816
218
222
565
895
793
344
455
262
901
778
303
588
912
466
950
731
416
541
989
985
723
755
821
195
887
131
95
333
192
690
570
2
963
111
159
456
103
405
163
817
839
879
188
943
17
472
360
897
263
944
971
7
373
686
604
251
532
306
176
740
919
759
783
845
27
730
276
892
11
341
867
958
576
645
411
633
884
378
404
635
898
739
272
558
674
701
984
703
290
425
439
580
903
25
813
249
406
4
269
325
105
774
887
296
864
709
28
191
595
657
181
672
303
500
791
654
929
272
960
229
505
195
92
390
93
71
301
751
990
107
570
483
869
132
229
868
953
355
851
344
431
175
451
24
826
423
728
417
828
403
536
829
587
236
275
446
484
768
436
796
783
575
600
600
219
677
323
607
590
890
542
883
473
976
592
619
527
458
492
315
388
249
979
129
302
703
443
907
21
305
811
400
557
30
93
80
