7974,5019
5155,675
1231,9219
5388,2228
5027,7770
9640,3690
3104,7500
7944,6775
1638,6669
8705,9367
5915,746
2418,9735
7478,2341
257,5923
4243,6489
4054,9523
1529,7886
6071,2895
3885,8560
8863,8604
117,2402
2421,9183
5762,1301
8329,4996
2772,7557
6322,3390
8663,4076
8194,8923
3174,5160
6622,5450
6102,2266
8146,2436
2827,9129
996,12
9059,7509
300,632
3992,4886
1506,8283
6085,9397
5097,6998
9607,5915
5972,2255
2089,3805
598,9459
435,1846
355,9655
2103,8598
643,5571
9462,5167
1449,1879
7222,547
3976,5613
6521,2996
3720,8721
4876,5547
747,7509
5154,1330
6434,1127
4513,9859
3686,4494
3850,5271
627,7939
8660,9213
9461,5228
6537,8894
3787,6176
9837,8530
7902,442
7639,1026
3063,6178
1357,6280
7321,2135
5789,8348
6607,6964
4987,1700
8889,9846
4140,8069
8409,7196
5250,9545
4121,5861
1930,728
2785,1980
4340,6609
9991,1094
5456,895
6397,1378
3781,2533
9502,1086
4125,887
1690,1284
5668,4792
6736,9653
606,5724
507,2633
853,7810
7065,5402
5855,4320
7858,86
7301,6587
479,2686
5445,7886
4943,6675
2816,2545
2414,8883
1833,5716
5629,4919
5262,6379
3567,445
6014,550
4693,3447
5127,6578
4097,1708
59,5429
19,8951
8970,8691
410,3885
70,529
2126,1610
1756,2521
2656,2822
7933,8561
8976,9814
7264,2289
493,2618
5707,4320
4082,947
3580,6666
7458,6479
1811,6434
9916,6607
5740,5315
6484,7756
558,5638
8382,8710
1008,1275
4065,6350
2620,2185
7428,4811
2572,3340
9508,4352
6339,872
7078,2595
2084,1771
6144,2707
5948,6427
9256,5721
4343,7813
379,719
9135,4568
7803,4754
9733,1153
5676,1230
412,3759
3732,3871
5940,3873
1068,1999
6343,1445
419,6747
6132,4608
8424,8250
9322,5207
4273,1991
7760,4973
5474,3479
7899,2388
489,8340
2505,2676
5797,5009
775,7432
4063,2786
2664,5648
8622,7741
6828,6298
5800,6629
3782,4271
4431,7298
7890,1165
1077,9763
6606,1811
2469,5493
9636,5909
1459,740
3583,3254
3235,135
9838,8197
3692,5390
6766,6814
5376,3217
4666,3051
3674,3790
1646,1100
9687,9594
189,9277
3928,114
594,942
2563,2719
6327,4237
8235,362
5780,2701
8224,2746
716,3303
164,4838
2039,2069
3695,2366
9070,4890
6800,5674
1176,8836
3644,187
7587,5065
5116,7904
4780,9813
431,1263
3673,409
2528,604
5715,9689
2986,7222
6595,380
3939,3482
3547,4401
6877,6767
6092,3430
6786,6850
4661,8863
1494,6843
5421,4299
2413,4718
7031,8961
987,2903
2132,5396
4068,249
9472,3082
4326,3972
4907,9313
1555,7212
2686,9698
5628,6867
9277,3482
5095,5489
1308,3022
9055,5971
7771,3021
5911,467
4611,867
7725,7969
679,4204
2152,9019
8619,4590
2984,2614
1699,6351
6032,313
4741,2440
2205,8963
1329,5676
4590,7874
514,313
6547,874
2020,599
155,925
251,3219
5767,3994
5969,4045
8882,836
6434,5655
3149,2033
7343,8582
103,3985
5728,547
3439,4341
6430,5033
2404,3289
3478,1575
4367,9535
7352,9364
8087,3904
710,3664
5118,9330
7157,5894
6113,6874
8460,3501
1331,6237
3947,7051
6639,637
3998,2869
5373,1561
3633,6161
1302,4136
3513,2384
7494,1898
428,1611
3693,1595
2980,9610
4122,1718
8966,9759
9349,9153
4902,9099
5765,4736
750,9702
9803,3783
6133,1726
2051,4656
2728,3730
5345,2708
4992,2550
8702,7026
7698,2867
539,9462
673,8248
3973,9371
4084,8199
9066,4107
5417,4856
2978,3151
245,6101
8540,8542
7986,597
1769,1806
3789,8959
4710,9445
4169,4242
8492,4321
9419,1562
2551,1541
3681,331
508,807
1313,4470
1292,481
485,202
910,5737
6827,1955
9312,2402
4041,4368
3196,8706
9341,495
7628,7539
2396,8398
6575,4672
374,2095
3443,2290
2571,725
4949,3982
4231,9272
3394,2853
2633,4170
9301,6809
6919,7465
8432,1724
8413,317
2324,358
3278,1348
2011,5536
5275,4077
4807,8776
9294,32
1750,6324
7950,4127
6080,7260
8805,4905
8750,2393
5277,726
265,7740
8125,4724
728,3436
6583,6764
876,4779
404,5216
9069,5372
213,7168
1858,4302
9401,1949
1983,7700
2151,3227
2792,5382
9929,4218
5758,8723
6088,1188
8001,2499
1119,2856
8292,2109
8166,5651
5378,7440
711,9830
1763,2196
9779,8621
1234,5615
7618,2983
9538,3964
4608,7511
2191,8751
2974,8709
7233,1631
1264,1322
9959,1252
7238,6308
1294,4524
2467,47
8205,3200
9080,4322
579,5403
3364,390
8211,5853
1267,1139
3577,6181
4839,8691
9913,5272
5294,105
8250,3390
5056,6642
964,6616
2496,8659
3078,6199
8126,5688
2083,2931
6298,1986
4148,6872
9341,4409
4349,1318
1538,4141
9254,986
6698,4811
7078,674
766,1909
8473,4276
2639,9379
9419,7245
8046,5808
2342,6237
4677,8468
7405,7749
963,4663
4199,919
3512,8810
5850,9744
3224,5768
7808,9572
787,6541
4987,1113
4961,7860
5274,3352
8888,9459
6583,4004
9894,2435
5223,611
2302,3247
3745,8348
9851,2373
5382,3018
1289,3337
9487,7987
9047,3860
8625,6426
3084,3884
8414,3342
1730,7600
7881,8987
3968,3621
2777,3695
6634,7879
6955,3982
9103,7680
4181,1869
8441,2970
9709,6211
5762,8096
4425,1727
2309,6170
3766,4209
3051,7169
2761,8766
1924,3886
7582,2283
7907,6896
5126,5112
2717,2394
4327,196
9422,3872
2456,9539
350,9825
2027,7856
8635,9332
3473,3894
7199,823
1080,7391
520,5153
7579,9106
951,5343
3779,9185
5281,7674
5653,5705
1647,5532
2082,8253
2133,5790
6061,7319
6116,6916
1564,2719
5444,3283
6738,4887
9773,4406
7965,149
5464,7585
392,9267
3090,8282
4393,7741
9591,4444
4567,155
9028,9598
4991,2122
2998,3617
8019,1660
250,2670
5271,147
8717,4482
6291,2375
128,8003
7614,1504
5802,3380
8521,8642
2975,2377
5523,8955
1218,9308
2751,8466
5400,3947
4524,7174
1955,2616
6541,4783
8424,4288
6660,1697
709,4295
2550,8296
3550,1899
2798,6973
5668,9866
7205,3837
2074,3785
9316,5676
1803,7392
7602,7747
211,2772
8657,8052
4469,7130
5652,9736
9931,2437
359,3394
2375,1676
2116,7225
3683,1473
3691,3869
1744,8257
4753,2602
2248,8496
593,364
9270,871
2113,5443
6520,6454
2341,5739
7105,1602
8532,7087
5682,3675
4784,6811
4290,7447
8703,8256
7099,7349
4039,9099
2968,7723
7786,9
7628,6665
4759,5057
9767,119
3100,4173
680,6946
5747,9831
9758,7200
4886,9815
1362,7323
8095,7467
5916,8494
4340,2959
4338,5458
6016,4208
807,2617
1649,3639
8125,3423
5747,6528
9182,9814
5144,6098
2703,3373
7349,1696
3575,862
5038,6024
7273,8864
7274,1481
9254,3029
3769,3855
5437,5250
5353,2205
6865,9175
2747,8740
7474,6172
3797,5894
3296,5120
3376,6124
3480,1827
8447,2758
4618,4014
1871,2337
4699,2815
8485,9037
7991,3863
9256,3599
3344,6787
9557,7929
8003,1160
1156,9688
9567,4500
5874,5667
4053,663
347,4964
3715,2076
2726,5437
5392,2238
1122,7864
8403,152
9766,8291
1747,3692
4222,4239
7705,2870
6118,6417
4845,4981
2979,5649
4878,8887
6592,5536
1463,381
9670,8925
3715,9443
2797,2393
2928,5696
2604,5474
2658,9838
9624,4990
6942,4162
2165,2936
9456,756
9136,9591
8146,6196
3015,322
5594,7473
6152,6330
8775,7663
2607,938
4592,7068
6747,5288
7487,5700
6625,3343
9195,9578
6467,2577
2524,439
7538,5212
7541,3914
4355,1001
9156,4009
2130,3604
4,6399
1671,4563
5221,436
1523,3988
6321,9615
7541,1296
9139,6403
8176,4257
8385,2450
4563,2689
5623,2453
8674,6491
6830,978
8008,3566
1131,5487
1237,2120
1253,3394
4073,4065
8878,9737
7494,4823
3161,1042
1319,3930
5804,4609
2144,7507
2571,2534
9622,8615
5258,5693
491,3881
5520,1504
3001,6823
3141,33
3571,4886
7920,391
6693,3507
9846,6280
4277,7585
2865,3892
7504,6086
6667,1098
6004,6793
3609,9301
523,3586
5304,3066
5837,4105
2788,7365
5817,4156
6033,5038
5999,3243
9285,8144
79,8775
987,6550
6388,6174
5328,3670
3348,4584
8368,5984
3879,6163
2953,14
9252,924
968,1869
1713,8009
1073,4828
9302,7555
2502,8082
3916,3229
6546,9941
2711,5523
3271,2994
781,2852
8714,9606
9716,396
8762,5391
630,1598
9821,2672
6428,9979
827,8423
2692,8183
6932,4088
6217,1321
4059,8298
5355,9682
4163,1223
4771,7683
8964,8580
7663,6922
4501,5601
535,4899
3274,3651
7655,5939
7766,9275
134,3624
3594,9568
7068,970
4034,3410
2211,7489
3019,503
4683,1147
3147,8331
5357,6508
2500,5742
4920,967
97,216
3030,5229
5259,787
4325,4586
6265,2046
344,7929
8997,1012
1002,7571
194,2831
9533,5690
9007,9497
7348,2562
8651,3672
9433,159
4412,8045
5274,4853
18,8852
4135,4685
939,4481
3778,2074
5218,1487
5000,8800
8570,1100
4966,5240
2915,3143
4070,9607
3761,5970
6044,8484
9733,4343
3671,5901
1695,1852
2379,1454
8677,4424
8547,4496
1170,4430
8918,5277
639,7713
7804,2985
3429,5318
2511,3899
9343,7853
9776,8974
8896,3007
6489,2982
8739,1590
6693,2605
1778,2946
6505,6842
6017,6664
8263,8975
6896,4913
5795,5218
8491,4121
5366,4970
9308,3164
5445,117
6554,7851
5242,1514
1188,1658
7488,6344
4776,1047
8364,3853
1519,3111
5121,6296
2812,8901
650,8825
4594,2462
7472,4273
4092,9248
3654,8820
4387,7076
5163,9068
7861,642
5216,208
3149,6402
4337,629
9401,3649
1119,2767
8493,8848
3093,5025
9716,6004
850,5240
1611,4937
7593,2136
8520,2925
2929,9148
5794,6123
802,659
9130,3013
1179,3593
8346,1547
539,1172
9028,8975
9167,8658
8662,9620
1886,9437
2168,2471
3292,3873
2727,6734
3567,9567
7824,937
9064,9872
3083,1125
2896,1242
405,6339
9929,730
371,1026
8910,6551
7738,1182
1034,3966
1355,5218
8405,6947
6304,9012
6377,3391
8508,7312
7537,1664
9806,4426
8912,8793
2430,6469
6574,1434
1609,3442
3798,6949
1685,2818
3234,7845
3894,8188
8937,2493
4796,9305
2741,2765
1649,5527
8287,5232
6150,6738
6862,9661
8186,4810
8747,7769
8292,5894
5550,4879
2275,8538
4452,1516
1042,4328
125,7756
9899,7606
8308,9763
8796,6740
6668,199
5500,4141
772,7274
3483,130
7514,3029
4270,820
6525,945
5430,9221
3206,9655
5181,1746
8182,916
3916,7283
2489,1892
6225,685
2094,4488
2059,943
1632,2995
5,1095
5301,9836
510,8637
2752,3546
2514,6527
7944,9981
6100,3594
7630,1362
1616,3676
6273,4075
7038,6714
6618,5944
8764,383
9576,1558
4896,5577
6945,7302
2320,377
5713,2013
7582,5221
434,6491
1358,9048
1274,7632
9810,4554
8925,7229
9593,3479
6501,528
3339,1244
8758,2544
4801,8999
9260,4147
7328,1885
8541,7675
9420,507
6084,1585
4373,1634
1746,1744
6604,3735
5077,3356
5527,5027
8931,6186
7307,911
2891,5948
6134,400
2641,6002
545,5705
8639,7400
2259,696
9516,5805
154,5858
9288,9699
1756,8978
4267,85
2623,5154
863,9807
4903,7932
4686,380
4506,3540
3373,8507
9442,7221
6229,6429
293,6257
7911,8827
6689,3911
7955,7197
8397,3097
896,6469
7665,4487
30,8657
4673,5014
6064,6944
3126,5155
7095,2435
3770,3504
9144,8781
8161,1591
8835,9633
7906,1711
7803,4737
9497,1884
8293,479
2866,3249
538,7987
1830,8184
3674,6506
7828,3568
1772,9611
4541,1079
5230,1294
9538,7864
8477,1170
6136,9888
1580,8869
8928,8236
9185,7796
5351,1148
9666,4028
8535,4876
5754,4370
1109,5679
2288,2554
7404,346
5822,9560
9498,3907
7475,7707
8995,2989
9470,112
6899,7725
1419,8559
2726,8618
17,207
671,603
2007,7980
3945,6003
7563,6276
1588,4765
2107,9686
7203,4055
4791,7895
6631,1395
2935,163
6372,7455
8633,7358
4791,4510
7083,5635
4151,4264
7429,8103
8516,1786
7424,1642
6096,392
2050,1228
5247,5501
9131,7531
3611,9183
3438,2538
4639,9538
6961,6997
3672,7905
258,7519
6460,7883
9383,9467
2659,1212
6796,3575
2917,5983
204,9408
3839,8789
7706,3215
1078,9144
8059,7279
5269,3503
7013,1289
9706,8513
3245,8249
2171,5303
329,4242
1981,2444
3150,3219
2584,8771
3241,5297
4411,6591
3510,4482
4341,5398
751,2284
11,7574
6134,9354
8835,6267
6488,1006
9268,6728
8013,1405
8158,5299
3222,7330
603,1343
7205,7433
8315,5482
6044,9443
7191,3330
7281,1234
46,5905
2146,4949
352,6677
275,1815
435,393
4047,6020
3142,6737
4731,8903
3872,9005
2624,4488
2538,4501
7459,9133
7818,5039
1695,435
5381,1103
9314,5401
9425,5545
7759,7923
9342,9237
7046,5792
5996,323
1533,7303
7909,4208
5652,6264
2292,5049
9653,3041
6030,5281
9911,4431
6964,7917
5260,9914
5939,3895
592,5205
9422,4780
8276,8190
6797,7345
2404,2183
3175,3390
7373,6003
6022,8311
6851,3568
6370,9503
6490,9462
7373,7599
7614,1542
9680,8958
9810,611
5197,2949
3667,5612
9812,1854
4040,5944
5082,7314
4420,7465
3665,6361
3303,7452
2531,6268
9168,2804
7403,2043
327,1816
4457,2482
7610,5213
8974,3431
7596,5891
1511,2499
8170,2260
4228,8656
5480,1441
9528,9564
5424,6086
3654,9610
5695,9054
6616,9376
2273,5175
7539,8110
8507,6647
777,7281
8622,4237
9748,6412
747,8221
9426,9484
6866,3442
5539,4599
287,1204
9492,1714
6725,3218
1799,8296
3643,9667
7991,6057
4525,722
6981,9159
7669,197
8448,826
2153,7803
5583,7504
6098,7097
3886,1595
3602,5064
3246,3173
5213,3901
4328,9486
6674,7285
4706,7085
77,428
6886,5450
3501,65
6286,1952
6763,3206
4588,867
73,6544
3783,3563
3599,606
1919,7830
8464,4253
5688,7744
6462,9978
445,8840
5290,5481
410,3562
4613,68
6912,5303
5362,6177
4107,5474
756,4463
1398,1927
3312,6777
7378,9757
2544,7097
8802,19
2672,1056
6283,6362
3550,2818
9077,4733
9182,644
9911,3288
1050,8622
4660,8086
3441,3843
7120,6059
9001,1406
1558,8845
4975,5616
7779,3544
3594,8981
3263,6845
9485,6672
6046,6648
7321,2788
2051,2366
4983,9223
8891,5209
4127,3900
3785,8064
2606,4754
4684,9012
5494,862
6215,6664
7826,958
1937,6465
654,7597
3355,1426
7086,5657
1878,273
4713,915
5186,171
7081,4409
2553,5475
1109,8453
7563,1760
6477,4746
131,7254
891,4252
4335,2652
9353,3665
3619,4111
8579,4825
6827,4339
9443,8744
3532,6118
6850,419
393,267
8249,5889
528,4125
1084,1800
6746,8017
1775,7625
763,9826
2304,9268
156,4571
4268,831
533,5497
643,3314
2617,1574
2267,8936
7657,9544
5741,1303
6360,406
1676,624
8123,2568
3333,5391
9932,9806
5457,5650
8405,6133
6290,7692
3402,5662
8454,9848
4281,2093
9302,3822
5449,4453
3932,8267
1718,7413
7966,164
5429,812
18,1383
6486,8892
8539,2945
1216,4189
5753,8848
7477,1557
4621,3572
9795,1352
196,3658
7363,2379
8855,9783
2478,2965
8970,3648
9606,9342
1513,4891
8034,2440
1326,1408
6268,5712
4084,9693
7273,821
5032,4987
1857,4748
9469,48
9714,5734
8257,5799
2063,669
8817,6935
205,9127
5863,1289
953,4254
6235,3544
4989,4668
847,6542
2126,3076
4588,7129
9554,11
9479,1721
2193,6428
4403,2443
2104,2405
8668,4253
177,2842
135,9001
170,6433
2531,3468
3870,3769
2077,8460
7034,8830
5850,917
7843,6847
6955,5702
4648,3361
7239,9261
8379,5684
569,2826
8757,8232
7606,5152
2162,3803
7290,8210
7363,171
9225,5847
5050,2520
9377,8374
9504,2362
2833,6989
8445,7684
637,5435
9728,9465
3834,4476
7797,7557
3625,5208
8546,1871
1231,462
7937,4239
1808,1867
5644,1701
4413,6250
8946,7606
6922,5023
4326,6096
9841,5772
5980,8849
4929,5471
7122,1591
8890,9112
8211,4838
2444,1800
4397,6126
3637,7665
8300,4372
8621,7774
9741,5465
570,777
7644,1977
4035,3538
9281,6757
7455,5338
7863,4796
4157,6652
948,8395
6075,144
8,5952
8298,255
5575,5192
6605,2181
9388,9188
6558,1595
7023,8200
7011,5704
3381,3164
9932,336
3083,588
1736,3785
259,7854
236,7657
7544,3192
5367,8858
818,5102
5324,6604
8273,9975
4992,6728
1302,8487
6068,8327
9739,7355
469,5881
2936,5805
2553,5289
4378,2446
7625,7662
8922,2246
8017,1040
5216,9792
6897,8187
5937,6278
8457,1106
3627,1744
1594,9967
221,9642
426,4718
618,8999
19,1783
361,1795
8566,9255
6588,7542
4543,3816
3861,8612
6932,3353
2261,5450
9684,9639
8707,3710
2505,7122
9589,9023
9979,8903
5947,4642
5985,4120
8611,1765
5779,2265
4070,7499
4827,1694
1441,5446
4315,3470
5545,7618
4761,4430
29,1549
5457,9593
6437,3093
532,5485
4347,9115
1557,4553
8061,2767
4152,1285
9403,3760
3098,2189
7308,4332
9175,752
5441,3497
3142,5475
8453,2748
1333,8784
3751,2442
2014,3664
5152,7150
7302,1740
9601,7250
3270,3310
56,1435
2185,2154
1254,7008
6461,6974
3636,2568
8127,1257
2989,2564
7462,5307
2145,6489
8328,3056
2030,6638
9266,7877
1425,6001
2885,7574
6527,8845
2213,1658
3561,3095
9150,83
5626,162
7597,1411
3980,9888
9744,6595
2280,9235
2806,3032
9498,1117
1267,1378
5465,5814
7160,711
5713,9463
3118,3982
9187,7669
9939,2199
5595,5652
4234,3286
2869,8016
5283,9927
5918,6175
1405,1249
5958,6531
8473,5765
882,7820
3426,8787
9193,5128
4697,6941
6224,251
6072,8882
2781,7186
9099,877
2432,3257
9574,5298
7227,1772
7177,8052
6095,8273
8381,8433
7032,5816
7200,611
4425,6012
9681,2506
8844,6432
4890,9183
977,8361
3754,6014
2570,249
4923,7370
169,8305
7072,3667
2340,5695
8267,2946
3517,4404
927,7027
9150,5450
9759,5201
4512,5107
9476,5859
3860,8971
4602,2289
8860,5957
6940,5754
4627,576
7043,3216
6500,304
1368,5798
6890,8382
4142,6437
488,5705
3438,8600
9760,4985
3227,4373
5163,1315
3411,7133
3861,2361
2918,5495
812,7138
7556,5020
1854,5141
6277,9889
2355,9071
9789,5763
3338,8733
250,8163
9293,2528
1504,181
7231,3433
8747,7000
6254,4656
911,1113
619,2319
6063,433
890,3101
7338,5144
8713,157
1507,934
4435,529
3825,5315
4954,5814
9128,2433
1625,1385
9719,1490
4574,3679
7189,5250
5968,6765
2519,8734
2848,3480
9126,8440
6995,2775
2984,4653
5072,1290
8668,481
988,8783
7367,4741
3783,5033
4918,7165
9172,9966
3617,2321
4198,8145
1204,6237
4828,4536
374,3687
7641,708
4015,6111
2429,7950
8829,8888
9782,6031
2904,628
7292,3589
9815,9452
1031,9559
2432,6508
5942,4342
6104,9079
5290,5764
330,408
1684,2734
9130,9904
3742,3062
6025,1432
2911,78
3726,145
4005,7149
2665,2337
2792,1006
8759,4187
7326,549
4366,331
9103,2619
7789,3709
8383,2498
1971,1944
8125,9915
6205,3296
6243,2295
3292,5795
8163,2910
7622,5522
3477,5160
8504,4335
9031,5613
7384,2793
2070,9321
2230,4677
4418,8520
7186,4590
535,2033
241,3109
7963,6302
7086,8127
1556,9044
3546,1758
7439,8002
5021,8403
9973,6930
4817,8889
7300,2765
7673,9216
3386,5460
2913,5240
4191,8077
55,2867
749,1613
1883,3937
7834,2920
421,3374
6236,7889
1833,4997
3233,7068
3465,155
2878,2195
3671,8327
6411,2884
6642,6398
7892,3832
6763,3676
4913,4214
2372,9272
9747,8582
574,9150
9175,5294
9597,6914
2353,1312
2998,370
8109,3183
9106,8850
2549,8681
3454,7302
6777,2196
9688,2638
2713,2273
5360,3389
228,5235
3732,718
1730,7466
2985,5254
9580,7761
2998,5060
1565,1174
3075,7058
4935,1962
5094,1163
4848,3819
6553,9016
748,2925
9630,8703
8604,866
4827,882
5824,4377
7469,3644
4081,8334
1120,9530
6285,3704
7861,5666
5263,2244
342,7525
3151,856
1579,3417
7885,8795
6343,6218
7856,1092
5577,2796
7629,5132
1866,7088
7666,4680
6425,6138
1874,5854
1620,496
3815,6251
1725,8226
2412,2836
1548,6316
5545,3592
4841,5816
6571,3155
2209,5572
1814,7799
1204,4414
7925,6675
2902,3320
1384,5494
5056,1770
2854,4250
5446,252
2098,4239
8837,4824
1976,6538
7529,3027
7824,8958
2928,9449
9854,4432
7860,4181
3200,1957
4387,1647
1783,5066
7475,5535
1037,5956
1907,7841
1206,7963
6467,4911
2758,2093
9840,5528
5128,2511
4440,9409
7156,5005
6656,5084
3394,8188
951,8312
3130,271
360,8593
5494,4508
6217,4656
1645,2974
4554,221
1205,9033
4633,6571
2169,7012
4258,9771
1605,3011
5105,8697
1905,6275
4229,6475
8669,4422
4772,9674
9428,9154
2604,9151
9534,5782
2269,5167
7181,4923
9336,4081
210,1764
9917,3115
1476,4776
1004,4432
8951,3062
3139,6117
7714,4218
4437,2031
2903,8714
7542,7792
2871,7506
1241,3008
119,2803
2712,1587
9626,5354
8628,6914
1456,1629
90,8806
1872,5197
1697,9637
1111,8693
1711,6103
7069,4023
5963,6208
9062,5762
1182,5640
1786,4674
8094,4727
853,1582
4966,4413
7106,6864
698,1655
4465,2272
8860,4092
2980,7504
439,1278
996,9239
8703,3763
403,1542
6572,7398
8892,4461
5353,8590
2205,4612
772,6247
6569,9857
1135,5226
694,7240
7447,4339
6218,665
4919,8146
9730,5219
7426,6841
9678,6254
7147,9108
3366,6189
1304,7355
7879,604
162,3886
7860,3274
2433,8198
3561,7792
2345,6760
6080,8776
4817,3033
9680,9276
8113,3711
2562,5466
9687,7637
3536,2302
9506,8908
3213,7641
3304,5717
2420,9940
9031,8559
5870,4401
9929,3539
5714,2832
9712,9186
7131,484
6585,1518
9653,4284
6778,3704
5262,5326
6761,1225
2795,3928
8954,5819
9325,2949
1747,4799
6450,4688
2940,953
9418,6025
4872,6092
5773,6304
7411,6297
7692,4921
1326,5437
4308,9251
2646,3066
3612,6815
6643,2292
3583,6811
589,8754
9855,4828
2038,2344
6364,2736
1460,8986
2967,1987
6853,2828
4232,3643
648,2017
1566,2450
2364,3086
4895,4229
136,5350
2215,4920
8423,6293
9752,144
5408,4037
6369,7678
8782,8008
631,4446
4107,3103
6946,1198
7724,8368
3454,8181
4733,1095
4177,5256
9846,8813
403,5194
3218,4287
3002,3626
635,9948
8115,7924
6501,8055
1010,5317
2936,8187
5179,5717
2096,6320
497,8296
6188,6403
1452,2963
2636,6419
8467,8416
1501,6908
8270,8098
1959,4690
9378,7085
6629,3474
8037,374
247,7884
4521,7482
145,6746
1368,2228
2675,8495
1325,1415
6887,250
4197,7735
9146,4652
7287,8932
9619,8617
7436,7267
3406,974
278,1568
2673,6777
3739,4553
6010,8569
2193,6003
8863,8439
6134,6024
7950,3084
9834,3522
9786,2470
3898,9341
5133,2753
397,7782
5200,1305
7207,9952
5854,5540
8734,9179
2041,1763
2883,4748
4624,7289
2879,7639
2895,3902
6625,7076
2903,3723
4445,6123
1444,840
9358,1430
8624,265
2711,9709
2930,9321
7529,5303
2560,5534
2560,4106
9548,5732
5204,6182
3847,8000
4600,7258
5807,391
4980,7249
2423,1307
823,1814
2914,3427
6793,9833
9251,9160
5088,3097
8423,9867
7302,7325
9878,8494
4757,1750
6748,8342
2640,4930
2581,3646
1107,2957
9278,16
6681,6804
3535,5691
3020,8530
4913,4258
7374,3808
1823,3120
8879,7882
9502,8449
9408,9478
2700,1756
9035,7194
4000,8750
5766,4465
9549,2731
6772,9941
2166,5296
7698,8284
6141,3081
8117,687
8615,4703
4242,3138
4543,4320
7449,1489
7424,3278
694,7537
4630,4260
4952,6664
1164,9892
7943,1561
1091,7228
1543,2659
6581,5973
7551,7788
8624,9420
9798,8783
9862,6676
8272,7144
332,8681
3798,7786
9765,2004
4772,6092
5573,3455
9011,7890
2281,1831
4589,1106
3780,8074
5522,8556
5199,4069
3380,9481
4257,7252
2031,6196
4515,830
5404,3542
8282,3999
4278,1995
9348,5973
8570,758
436,7778
6347,6019
4545,1793
4990,8444
702,2754
5222,3132
393,3216
6767,1158
6450,7126
4652,5625
3504,6719
4627,6830
9615,1085
2659,509
7032,2577
6866,1127
7773,5470
7300,3714
4674,5989
5628,8044
8869,3515
2491,2198
8446,7139
9798,698
1311,87
8492,4593
878,8042
1794,1597
6776,1448
4600,16
6670,5283
816,3931
1031,6862
1099,7046
1919,8004
3690,2590
154,7347
3332,1864
3139,5752
957,2218
6375,4325
8421,3903
8509,7435
2026,1248
8317,7897
9214,2109
8186,1604
1821,7662
6126,1911
8943,2118
4634,7823
5150,454
2668,9004
2622,7424
1444,5843
372,6612
7320,1495
8691,3903
8273,2080
9129,6219
9210,7221
983,8567
9057,6729
7466,9560
5154,142
271,5413
7092,4564
4099,426
6415,2078
4455,2486
4784,6826
2653,186
7526,4870
1563,7351
4415,5943
124,3453
3848,6853
3691,330
4068,5460
5991,2723
8842,4519
6484,4054
9335,7721
8702,1734
5094,6799
5020,838
7115,1044
7557,7300
8298,2505
4658,7933
9388,6694
4133,6851
9459,7265
2163,6752
9686,6845
5421,9307
9578,2844
8505,7406
7111,3384
2116,8060
3734,7495
9554,3206
762,6322
4793,86
1493,235
4036,8773
6960,9095
6853,9110
3864,2375
8315,1290
9059,3960
7952,1212
7572,9036
6823,531
4410,8386
6910,122
7258,7696
7877,7026
2811,2333
3046,2474
6715,216
7791,1635
1671,7373
4417,382
8003,9381
1244,6236
4030,4340
1657,3976
6108,3405
9430,3387
224,2014
2783,8314
973,2252
7078,7668
5735,8243
614,8490
7993,913
7655,5172
4831,4136
3490,3667
7676,1762
8509,4365
7338,4137
9335,5365
3697,8838
5503,4518
9756,9768
961,3607
3189,9031
5067,3543
1524,2979
4806,1667
9794,4802
4935,4597
3407,4620
7470,9286
5214,8994
9493,8987
3323,2476
4591,8234
619,1713
1697,3461
8878,6046
3378,273
3438,8698
7737,1717
6409,965
3324,6922
675,390
6642,2194
9082,6494
4591,5722
9768,0
54,9471
6456,9404
3607,5477
4043,9588
1648,3352
4312,9528
138,8407
8355,497
5691,4862
945,2309
725,637
9599,9795
9047,8943
3525,5242
83,1999
7940,1055
2263,5747
5367,5051
7276,779
6942,5506
2628,1152
3594,7777
4319,4427
4084,75
1873,1699
2933,2592
2372,2588
9954,1007
7042,1011
1526,4410
2312,2655
5081,3086
6695,6381
1475,9808
4935,8818
4085,6702
1211,3114
7211,9899
3767,5307
85,806
3415,1896
9672,3484
5167,904
9990,9178
7860,1357
8683,4893
559,2124
1765,1058
4749,5955
4393,3146
5208,3665
321,333
1298,7425
2597,6413
8998,2041
6383,1305
2414,4340
7481,2772
5516,47
7441,6752
1226,777
4506,7476
9165,9567
5052,3108
364,6154
5918,2107
8843,3281
1296,6165
8110,2236
2396,1308
60,9926
2288,3725
5322,9336
7459,7731
999,7497
2448,2655
3206,173
9714,7592
9351,4197
2378,6554
8516,1711
8916,1094
9645,173
5543,5265
9856,8479
4687,2322
1385,9916
7400,4973
4183,3511
7373,5717
7414,7783
2153,7803
9700,1903
449,4630
3089,8559
7760,7096
8177,8991
5621,7962
2446,8053
1113,6544
1388,5226
1253,9840
8961,5012
4721,9124
6437,4381
9318,8993
9289,8829
1066,4537
2570,6867
1125,1744
9251,1879
5677,503
1356,7951
442,9420
6298,8547
3884,6789
3837,3948
3321,4028
8079,968
2966,7486
8693,7936
4670,5905
6747,1494
5285,4880
5131,7463
5961,8844
5033,8030
1503,1854
1692,7892
2395,2749
3996,6431
7972,496
5633,5883
6247,4261
5305,2703
3603,513
2623,5777
4228,79
3610,4250
6012,9342
6447,8608
4406,6837
1872,4897
5742,9055
3217,2387
4731,5158
3778,8342
1913,7659
8798,1567
3010,182
7694,8831
6923,4093
8724,9451
3747,3201
2914,6935
1261,6389
3326,7995
6230,3046
8630,640
952,3782
6753,2344
8285,3081
7333,5452
161,5061
9050,1829
4176,260
2503,9911
4268,3125
3947,3696
2060,426
3417,5776
6174,9620
6043,2035
5300,8052
2016,4848
8233,9819
3274,3230
2623,4804
4130,7885
7515,5133
1150,1753
2668,5241
6525,613
9904,1221
9878,75
7982,4033
1463,6238
834,9686
9288,4662
7577,6133
5706,5905
3738,9107
7496,849
388,7300
94,9597
6959,5946
3412,4371
5343,8763
9344,6916
7998,5882
8980,7743
4418,1927
8714,1497
4629,8196
3659,8116
6877,5706
1527,5265
7812,4703
6099,7881
524,2747
7820,1237
465,6875
1329,1658
35,522
3485,3248
4349,6692
3711,9073
2012,4266
8951,3758
4659,2462
381,5709
9905,6645
7732,9477
9649,6490
3540,6929
915,7477
293,5206
5976,127
7150,8561
6948,5695
9110,1287
4500,4021
1949,1556
3369,4103
9105,1407
3287,1460
2729,188
6447,5172
1322,9853
8909,322
9700,8038
1105,4421
5676,7956
5083,8961
1822,5262
3832,275
2766,1832
9191,9712
7507,2275
3887,7280
9921,4759
5460,3888
5762,6667
1826,7532
2673,2428
2039,2083
3214,211
4808,3250
580,6868
3912,5150
7633,8608
8848,7849
2996,4245
1483,7688
484,8213
908,2969
5457,7966
3083,3909
9725,5254
3945,2455
1445,4192
2138,2541
8379,8052
8152,6641
7964,52
362,525
7825,6700
7990,9001
8990,2636
8376,4264
4056,9517
1207,813
306,593
221,8691
2144,4013
5586,497
824,6228
7524,403
6005,2194
1022,8340
2535,1541
2650,3870
2483,2179
9902,3469
8441,395
6433,2710
3420,5759
7780,1194
1765,1662
1632,1702
5398,7976
4008,1379
7295,2009
9087,6222
3614,8163
1361,6651
2528,5327
9481,9612
7280,877
887,7041
3698,5050
7727,201
8959,5265
2545,113
5022,643
8539,3482
3801,2413
3859,2981
9616,653
7517,1172
6730,2402
5060,9357
3024,7230
6829,3983
1558,683
147,3156
5081,7174
6338,4360
2638,9654
4994,3761
8982,949
4665,2313
6040,6972
7268,4774
5175,7858
9404,3258
5538,3603
6034,336
7755,4138
2365,9991
2550,8546
7217,3737
3393,4900
4099,9365
1081,9221
4477,6811
2058,5537
6097,5984
7463,3147
1132,6924
4147,768
7895,7853
8910,3064
5355,4473
1434,9974
3844,3048
9828,636
9815,1326
64,9620
4487,2534
7084,5649
1347,8031
8319,3819
3622,9136
8432,300
4761,4012
7123,4179
905,4779
2947,5246
6001,8238
3030,1632
5880,8859
1294,1540
8223,9455
3672,6672
5739,2076
9742,281
6638,2573
2798,6907
8560,9887
3565,5651
6845,5999
6463,2422
4118,8917
8501,3164
3772,8528
4182,7641
291,4195
5183,2548
172,828
8315,4569
5526,6169
6270,9611
5071,4730
8830,4627
2324,7646
960,3614
8664,4225
9319,2318
1720,1388
985,9467
6191,3517
8639,2797
840,8643
1431,7418
6280,5856
7868,1642
561,8459
2633,9312
3838,984
233,9319
3181,9908
3278,3345
8635,8096
836,4050
3337,9059
3169,5147
3456,795
5651,6409
1910,7354
8227,7341
1864,6951
8065,6506
8098,1571
5695,5756
4323,7529
3504,6710
5145,8562
4110,3686
1248,6164
722,7351
6622,2418
4746,8242
4127,5650
2986,8494
1033,6302
3259,8364
1450,9438
7040,5262
358,4080
5521,9132
2714,2926
1037,215
603,7456
1090,8543
9239,9495
2573,7567
4533,1730
5765,100
5772,9128
942,2850
8078,3378
2730,5235
8188,712
9852,8707
9901,2782
2353,813
6832,9093
9301,154
2044,6933
3888,5929
345,413
7464,9846
1709,7896
434,7839
8663,6467
2388,749
5285,2857
2258,7358
6463,403
7235,9413
1294,959
5582,8829
8209,2560
525,9307
6407,7682
5306,4777
7621,3815
3484,4213
9026,1791
1844,3923
359,4110
6467,87
2330,8833
7938,5749
1821,2388
7416,5675
5304,9384
5231,3755
7576,6208
3730,564
6757,1911
2017,1282
4950,4309
8118,6089
8446,708
5004,9473
4012,4673
2479,9883
6198,5581
8047,8057
9056,5081
8637,5522
6033,9894
8298,6456
6006,265
1902,8985
3907,3627
7690,285
6396,863
5304,2667
1530,6811
2800,2372
1104,6785
6280,9981
189,3943
9344,2728
4692,8447
2649,8055
4511,2139
2528,3966
3921,2184
8018,231
9083,6844
6855,3972
8949,6290
7794,8233
3505,5069
5406,7635
6709,9685
5435,5799
1134,3888
6797,3623
631,58
9625,8569
5263,6880
5021,6649
930,1858
7896,5323
9682,8353
9379,1919
379,3149
7665,9146
545,497
2665,4224
1713,7598
3313,7839
5873,8626
5375,6748
3017,690
9569,111
510,9669
1574,5992
124,8583
7222,7146
8247,8409
6442,460
7503,4752
7152,6319
6161,4586
7560,2079
1097,139
3376,354
4901,3865
6808,8414
4397,3665
4106,9255
1911,265
5271,8386
8707,3354
3960,6776
7340,8144
7394,9076
9238,6266
9621,8535
2225,4354
4562,3701
9962,953
8297,9051
2680,1639
7601,4430
8025,3905
1079,9145
527,9678
2897,4792
6624,8987
4654,5300
2493,3141
7183,4984
5779,1028
1143,3032
4769,3147
6277,2807
865,1844
1245,3947
4359,3520
9334,7814
8460,6920
2435,7656
8520,3234
5639,4518
7849,6145
5659,9311
7428,2110
2214,8574
4010,3640
3644,2241
1276,9473
9047,4831
2850,8123
4893,9043
5105,2963
5091,2125
288,4434
7434,8980
5056,2415
1465,2147
3005,66
9110,8301
6769,2138
192,4179
6710,5488
5076,5387
6601,5972
585,4763
2920,4354
9663,7772
8479,8088
1185,2436
8579,9686
2897,8811
4127,5181
2518,8430
9259,3663
8706,6962
9045,93
7922,2963
7111,2330
8169,3548
7015,914
2197,1725
8914,3503
2856,4444
8519,7233
6209,8823
702,7752
6720,7944
9873,9803
2109,4109
7289,3961
6084,1539
3139,347
4299,7971
3884,7561
6049,7379
6208,2058
7309,3468
3914,5511
2546,4411
7090,9140
3556,893
5931,7985
7697,6144
2687,8488
1433,5021
1759,2333
7612,7981
2051,1029
5988,485
7324,7773
516,9410
6537,3996
8322,8191
8434,510
8069,4998
7266,1539
8293,3097
2096,570
3047,1832
6913,7641
9269,6257
1334,2974
7363,3102
5699,5612
4293,9677
4642,7783
4214,3157
755,8864
4854,5712
9819,9478
2489,9602
9059,4188
4884,3594
255,1886
7349,1613
7042,8938
8908,6162
7129,5763
4872,7780
1367,4178
4049,4333
6629,4542
9702,2895
1570,3863
8079,1396
4684,8376
9236,9269
4158,4830
5864,4330
7248,7636
4950,3599
2495,245
683,3157
4010,1374
5989,3241
5329,549
4174,5979
8666,9377
9149,6901
8399,227
2440,7897
1881,5057
9495,6063
1080,6036
3867,9553
7697,6941
2931,5245
8618,8645
2268,3855
4620,9513
6417,7586
1735,4462
9689,8350
4107,2430
342,7267
2426,8436
5911,6155
1104,3419
560,1705
118,1380
2272,7815
5997,2046
6130,6772
689,34
7512,3036
8180,4865
4936,503
1018,5643
4844,2677
2619,7722
1987,6218
9725,275
2639,310
2779,9781
8565,3861
7496,1694
4774,4191
9305,3261
8980,9895
4009,4593
7456,3870
9956,600
6038,3612
9334,9733
3587,8876
6836,9749
7625,3388
6088,620
5537,5145
3490,3555
5751,1746
2138,5933
8952,9576
9590,9856
4169,9014
7747,6288
449,3578
7966,9833
1077,1987
7884,2447
130,6191
9753,2633
1868,1466
2312,4760
1488,6433
8922,609
737,2338
646,9385
4617,450
9762,3950
1018,8856
4772,7770
4208,9253
9266,1677
6585,7472
1677,8228
5164,8320
7494,5637
5003,9151
1728,6734
4964,1443
5778,2397
5967,391
2543,2004
941,9397
8944,1462
1861,1279
8103,314
6201,6337
7549,464
2530,1284
7507,4066
1243,4147
7494,6305
9125,2268
6503,2620
505,3617
516,8166
4771,6420
5245,6693
9209,1694
7702,5951
2948,5643
2682,5714
3877,6298
9455,9621
2942,5640
10,987
77,1482
8606,752
2304,4717
7263,4555
1360,7935
8525,3243
7171,9850
7980,7183
843,2086
7225,3515
8757,8607
5963,8501
4882,4965
314,7849
9361,3947
1837,8633
7029,7150
8154,8195
15,358
3256,454
6038,1768
3728,3842
2902,4478
8336,8398
1456,3612
9568,474
4883,1477
7229,5337
4411,5639
7680,4263
6170,4725
4037,4747
3661,6093
8157,9014
68,70
9744,7445
7446,8378
881,2154
6010,5522
4937,8015
6031,5263
5673,504
5994,2550
1399,5327
5352,8145
9128,3959
7949,4306
2362,2988
7696,8600
9815,9825
5946,1003
3242,7930
5492,5702
2927,1824
2018,2199
4587,630
4869,4556
6994,6389
6935,9953
6782,204
7404,206
4272,6928
306,3000
9027,6244
3509,8271
9325,4269
6747,7983
4746,9404
7495,8560
9510,6495
6889,3392
3586,8521
5336,1805
1629,9056
22,7619
9711,657
8792,2486
4873,9059
593,7267
2469,1709
4636,5142
3987,3085
7266,9124
1900,6498
4494,6165
7218,6491
623,6852
1106,1087
1188,9595
5338,9149
9330,8049
864,9124
5726,5255
912,7753
3830,5487
1448,3258
2038,7657
5480,9703
4690,8375
5606,3864
8338,8531
3259,5111
7434,8619
8312,5578
7939,9111
2883,9918
2412,6579
8341,1299
6644,8424
2993,1267
3147,8807
6140,3838
7910,3680
7110,4560
9817,9238
9833,9817
2556,6561
467,1961
3074,1691
2573,2492
7010,3349
43,7897
1988,192
6539,6963
1773,413
2836,8140
8821,7703
2813,2558
2009,7213
3807,6383
3926,4365
3290,1409
5520,6135
1480,3394
6815,1445
7728,800
5294,1568
8487,5990
9384,900
7377,7333
4549,8782
2305,4742
8700,4152
3901,6914
6004,8162
4903,8354
3188,3034
889,2734
193,7331
7596,6490
9615,686
8108,7056
491,918
7215,5712
2715,2552
9149,5956
7210,9234
142,421
3629,6634
9659,9845
9643,9239
5893,1998
4838,7448
1563,731
9063,6208
3255,2620
9544,6474
9047,2703
1619,5216
9463,166
8941,8481
1485,1429
4617,2483
6176,4742
6147,6343
5869,2051
935,602
8121,7385
3246,8653
8011,1100
1310,923
9744,9345
9966,7033
2408,124
7788,938
1692,2818
1184,8182
9857,8566
1861,4026
5332,1828
6325,4257
9209,6165
6215,3383
4345,7367
927,2908
4605,643
2002,5165
7249,5320
481,1584
9609,1027
2326,4572
3058,6140
1866,4277
9521,2581
6499,2073
5588,4360
11,2995
5642,7537
3518,9476
3633,5095
6620,3406
2905,6259
2223,1824
2609,1186
6332,522
6034,7433
1749,2795
9597,9218
3408,1762
906,7015
661,4507
8155,8430
7311,9694
4521,6279
6262,9019
7029,524
5381,1116
6418,2864
7083,5728
6099,2633
5931,4513
1803,7389
9956,3469
2187,1003
5019,6418
1965,2070
2606,4606
6149,7275
47,7804
1293,9502
7211,9100
4316,4004
9803,2071
1424,1860
5364,7002
577,2525
9386,2814
6898,1683
9791,6875
6799,4518
1001,3493
3926,2232
7807,210
2018,5730
3136,3700
837,9121
4247,9112
4347,2807
2017,8732
4824,142
1569,2279
2429,1957
4320,8235
6302,6108
286,6560
5801,8323
1690,222
7342,5488
8459,4756
118,1092
1471,7839
6882,5990
3762,5027
9319,6882
1853,6179
1452,973
9976,5279
3625,8946
3775,3229
9214,1100
5698,4545
3752,7478
2748,4481
7956,1907
7575,7062
224,4033
8650,2333
6189,6046
208,8324
8726,5404
1770,7790
6897,1467
3869,4783
8037,8809
8077,5441
912,62
9913,5269
3672,9912
9353,4456
8178,9468
32,6594
5957,4629
9172,2339
7832,6217
6947,6408
6072,7554
1923,5891
8700,8899
4486,4239
2932,511
7881,8829
4111,6790
6914,1229
376,8301
6749,1584
6139,2505
2193,8049
4050,7926
7289,4571
2689,1552
5044,1214
7490,3877
3547,2442
4223,2433
9871,5727
8393,2444
7383,2227
8578,2879
6797,5850
2223,6374
6267,3403
890,7535
5422,4780
6809,9774
8134,9546
5351,3229
1497,2409
4380,6344
3615,7914
5697,9295
4065,8560
1423,7412
3281,752
6878,6502
4217,5558
3612,3968
458,2066
7198,3088
6549,7355
4165,2979
3302,5507
7137,7518
3159,2811
3125,7775
9635,1275
2115,656
6176,2210
5585,8970
9738,3733
5551,4465
853,3760
6818,5033
9860,3606
4053,163
5095,9028
8931,8611
234,4170
6021,8797
8703,783
7788,5212
2749,3931
3492,2738
6817,3704
3947,4303
9168,1784
8100,1451
7679,699
7192,2622
8727,1508
5133,1029
6410,332
3577,2761
4641,9571
7976,7760
1478,3157
8817,1712
8115,3683
5379,779
7518,9031
7434,9255
8278,8623
8712,8369
2681,7929
3453,8077
5331,1549
967,4468
6123,1805
8989,6819
587,4842
4972,3494
7311,6813
2377,1702
9180,3619
2296,5345
261,6574
4688,3163
6004,3469
7455,7431
2405,5553
9586,3901
1186,4108
555,1067
5962,2330
1228,5284
3965,2528
6973,1904
2765,1144
5561,5737
6755,9706
6307,7890
3116,1271
5045,8697
9812,8908
1511,9524
68,3759
587,744
2241,3238
9077,8532
5338,2905
1542,1242
480,5524
5471,8303
8203,3890
7521,3019
1319,3310
1196,3670
4553,4751
3774,7939
6487,1725
3665,4989
107,1965
776,4373
5867,3003
9605,7970
7780,637
9275,429
8414,6369
990,8967
3333,6338
7618,5321
2565,5168
2247,8776
3261,786
3018,5699
6633,1474
7765,760
2066,6949
9357,2559
5543,7643
2547,5307
2901,2306
3353,151
4859,3645
2561,1702
4233,8510
9824,600
8134,7563
4381,6531
2193,9415
9039,1135
7496,1774
1689,6294
4234,2105
9123,6915
1813,3331
8398,8093
5099,1504
2295,4178
3924,3178
5492,8568
770,4381
4447,6543
8170,3435
2018,4378
4064,4569
2249,551
9146,7345
1973,8180
7568,5002
7471,4760
1470,5818
1195,9566
9234,2944
3797,3171
9004,5706
3830,3610
9797,8527
1008,5218
7806,5419
1338,1868
7928,2928
3242,8480
2788,8256
6198,3216
8271,620
8907,9653
3564,2840
1536,9170
7051,9719
161,7151
2777,3269
2637,1824
3546,9874
7426,7440
4617,7871
9705,1043
4458,4277
9598,4863
2910,9612
4303,2279
1350,5250
8936,229
5517,1142
784,5391
8229,4149
2333,6751
7132,6789
739,6522
9264,5292
2392,6790
6698,8771
7806,7773
687,3284
9633,2174
9402,4927
1210,3143
3879,6112
2251,2520
6065,1170
5627,3950
7038,2339
9647,9573
6601,9246
3737,5457
5814,9516
7805,6514
5309,5490
172,8523
8977,8491
1632,839
7354,7868
3844,9611
5820,9113
3212,7466
83,6348
7757,1593
9445,3351
3811,8594
417,8811
4508,6001
2551,9741
3176,3726
224,9045
7402,8112
7714,211
143,2431
4700,1836
4693,8367
9457,5658
3821,4952
2603,2834
4828,5546
8152,8005
920,9765
6892,8567
5051,1173
8883,9243
9358,6990
3311,2535
2032,3134
2333,5083
2301,4043
167,7941
5481,4833
1655,1450
4593,1310
4114,5550
4395,3124
4788,9694
9497,3758
7618,4611
4770,3832
5249,9302
8962,3681
7688,4873
2861,5894
3263,2879
1566,7161
6590,9939
5214,4858
9731,7341
923,2505
3333,7200
3291,5790
8975,7288
1288,3736
5134,7939
7529,3373
4017,5380
3862,7108
1367,8098
7923,6734
343,6372
5209,4480
9062,316
9419,3669
9463,5158
1327,2362
3960,8354
1719,3398
7959,3227
6932,8878
7965,8310
9138,984
822,3055
8282,1543
9896,2839
5827,6530
987,963
3380,9064
9803,7118
2229,2807
4687,398
6395,9145
1494,9966
4364,8227
2297,9922
9715,9550
4941,7216
955,6362
4183,6780
3849,4483
4166,5830
50,6470
121,9929
8458,2790
2002,3559
379,1974
4482,6602
6963,174
3872,4966
2324,1867
2691,8622
4496,8016
5076,7551
9809,278
1596,8089
2452,8812
6634,8661
1811,1557
8883,8298
6679,1414
4732,6064
9686,169
6421,4654
3267,5323
4143,3898
7409,5090
2936,7669
9182,1577
5959,9990
4168,5052
9193,9815
8545,4498
5465,8216
3512,5171
1239,4052
6022,4467
7949,1809
6567,6911
6573,5948
8899,9336
2536,943
5963,5257
3007,3191
8505,9645
5761,8290
4860,7471
9749,7612
3676,4395
4224,8414
6026,2969
7661,6706
1483,2562
1989,4682
8729,4791
8903,2005
3885,1902
5903,8024
9804,5625
7257,1951
5239,2918
4995,7754
2829,7740
4654,2401
7258,5317
5510,4795
2821,9298
2900,9373
3692,1279
9327,4017
4946,8091
4336,889
2440,855
751,3782
9104,3864
6218,8501
441,2055
8311,4678
9944,7987
117,95
7465,5033
4900,7973
2571,1701
344,1978
6022,9765
808,5044
689,7575
5674,2550
8697,4737
8965,4380
172,5195
7314,9702
4980,8257
3519,1703
8511,8613
5641,6688
5354,2967
7686,3522
4575,619
7593,8173
6510,8609
8443,7126
4746,335
1254,1087
7339,8193
4354,4801
1651,3366
6805,9671
2191,3004
4228,645
8621,2601
6084,4555
3058,2202
8694,6355
7657,7654
2004,6496
9425,7907
3706,9697
9145,763
9156,565
8780,4148
6812,3692
8646,1877
1477,9928
8104,5563
7621,9995
9284,7265
1551,1907
9001,4748
9340,1856
6818,7627
1384,7506
2048,1288
5731,9167
854,2900
1770,187
1149,778
8887,6892
3124,9878
139,8336
6422,7968
1757,9215
4502,5935
2085,9609
5330,2074
1351,8633
8955,1365
7214,6933
2508,3551
5380,444
9671,3706
6216,9413
9428,8570
1442,7870
9606,1675
6643,4143
465,3737
1265,7265
340,5667
8879,7919
1194,5200
8695,4322
5863,3538
1407,7087
662,7228
832,8986
470,2110
6892,9130
3435,4505
2791,8892
8445,7816
7792,2480
5569,1027
4726,3962
492,4733
7618,6441
986,1860
408,5413
7881,4332
9211,2065
7375,6543
8376,8610
6016,9031
5865,3418
3615,9489
1146,1723
1745,1074
3330,5022
9247,2485
1791,2539
4752,676
1367,6970
7726,8802
2038,4329
5207,1398
3993,9114
5866,2168
3854,682
5224,9927
2395,2984
9196,7542
7213,4160
5634,5478
4861,5844
3813,2336
5559,1222
2,4780
3524,9208
1617,4640
8100,1618
6572,5362
8598,7743
6616,2644
8539,4896
7108,5696
2148,2964
2517,8247
835,7142
2908,7194
7213,2880
3113,5927
5735,9806
4314,7028
7861,660
5197,8368
849,2817
8299,6279
22,6773
9003,6851
6993,1273
2587,7433
1800,3208
8271,2655
3319,2059
9940,8431
9283,4150
7104,4675
6387,6008
1361,649
1758,857
2743,14
441,9168
4989,2375
6433,7576
1123,2070
9560,2329
135,3215
8673,8444
2561,909
8083,9187
2173,8157
6376,8211
8194,9350
6655,4960
5672,4790
9853,9186
4479,2242
1787,9068
2547,6930
2115,110
1545,9039
9825,4780
9414,3355
2759,3685
126,6218
3375,6075
4922,3866
1103,9913
9808,4296
8989,3230
84,9584
4642,9489
3860,2561
5591,9759
3624,1352
4319,3966
4818,7111
1549,9028
1908,9447
5988,4516
9051,315
7080,8984
5202,1206
5485,2298
3759,3820
3006,1282
2635,3504
3254,7999
9069,5165
1397,7346
6165,1171
3083,6599
3041,3193
1816,7131
6379,472
7517,2093
8728,8746
9550,1614
9675,6733
3225,7830
7789,8101
944,711
780,5268
7420,1958
486,7771
8965,3319
9336,1506
3855,9004
824,3370
449,5392
2188,919
719,8409
3598,7684
1027,3833
4033,7478
8805,2567
8093,7447
1851,6444
7846,480
7839,5939
1418,4792
1866,3539
5963,7494
1534,5094
4680,835
8497,2578
2772,7659
8244,379
961,4808
4465,6048
2842,9880
8693,6269
5308,5084
1087,1335
9388,4945
7250,5148
3952,5812
130,5278
3649,800
1158,1349
4989,6893
2211,9690
6037,5582
6256,4530
84,8469
7017,6195
2438,4147
7778,8586
4753,658
523,3940
4973,8730
3057,1770
7955,1611
1298,8876
2546,9666
639,7735
7084,5338
7801,5690
6493,4869
3986,3643
5911,5308
8628,7252
1644,244
7630,1562
9272,4630
7641,1605
6983,6448
7343,1706
5075,6726
2639,6501
6862,3709
9369,2635
9833,2753
1758,7918
1067,299
4092,7182
7623,6969
5377,5180
3345,1775
3981,4294
6402,2379
5127,7571
1946,2352
4127,2926
7621,972
5395,6684
2736,6182
8927,8556
6057,6999
6627,8105
3114,7071
5224,6648
6268,8674
1067,7248
7247,4537
8277,1500
6814,9653
788,9953
5132,6905
4225,6268
7828,8947
6790,2774
3536,3925
6221,2382
4852,7774
992,6330
1770,1113
15,1601
9523,459
8889,5917
9918,2190
752,2239
1979,1012
1046,4031
798,6744
3052,1853
3187,2053
987,9313
727,7801
5631,9900
3744,1543
7884,8973
9925,4201
1284,3967
7940,2982
8462,8450
7243,185
543,6803
9351,7550
304,2941
5387,5840
6172,6813
6359,3359
218,2314
6953,3040
4457,9258
6735,8360
1970,2494
1469,4885
2006,75
7026,106
9307,8023
568,6777
443,1609
5418,3353
1805,4625
6819,4402
6836,2257
5190,5800
7472,7829
5179,1902
6173,5058
9083,3874
6734,8298
6729,2477
8406,805
1077,3153
2693,621
8325,6163
4461,319
6816,5187
9349,1027
130,3639
1501,8542
6366,103
5539,5453
9715,1363
4216,6536
6867,2078
3453,7527
9224,5283
9649,6022
5390,2635
4710,8107
5390,7943
3108,6171
313,8840
1684,5653
2935,2399
2925,5496
4581,7887
7040,1838
4653,273
6726,263
9409,228
1594,98
4590,2646
2329,1176
4936,2213
1878,7598
7868,6809
3733,4002
145,9900
2285,4798
9135,5566
9461,2832
9693,964
4319,718
5537,9166
245,2146
1586,6578
3787,1831
5670,4075
88,7377
5002,3724
8353,543
4174,9333
8430,9269
9996,6888
932,9314
6639,8367
8642,4471
8903,3409
5098,8422
7076,1743
1063,4847
5845,576
1445,5800
8978,8372
5504,6656
632,905
1110,2349
7639,770
829,3593
8045,9576
9829,8726
4260,7104
4603,4126
9894,6428
6176,6856
4724,1125
2906,2708
2999,1101
362,9868
8692,8935
4504,3878
2217,7169
7373,2669
1887,9190
311,7589
6297,4887
433,7030
6360,395
2837,4428
3325,9357
7157,9506
4432,5879
7879,8610
4687,6064
7055,6593
8942,4085
6553,4578
9838,6115
2783,6283
8228,4663
6583,3833
785,1254
2546,6234
5313,8612
1314,2028
7203,1240
1814,6816
7892,7879
6166,5548
841,6320
3928,4278
6312,6446
8114,1014
4838,530
2900,856
8913,5585
8978,8806
3523,1523
5694,3322
1814,5974
1987,9573
3371,378
3449,6325
8653,2150
5814,1002
8987,7847
2471,3401
3749,6374
2446,7677
2764,8141
7991,9347
915,7048
7386,4572
9426,8038
3106,6766
3848,6548
4277,4857
2846,8315
7980,551
2625,5764
6390,5562
8509,6466
5599,5880
3707,4669
8636,3222
2606,3779
8173,4442
1302,328
8856,4184
235,4047
2190,6939
6048,7993
6330,9543
8108,5884
2047,4344
3385,7600
1224,9509
4913,4287
2688,2893
1650,4349
8232,1855
5395,4412
2766,8266
5465,8660
85,1595
6788,1982
8812,6171
6898,566
1394,3180
7748,7733
3641,9056
2507,4781
1118,8200
9911,2959
7045,7175
8664,3556
5674,5656
7304,3941
5735,5596
8899,5133
6182,9911
7004,1419
1362,4847
9822,7233
2823,7842
647,2548
5693,868
74,2069
3056,4930
1319,8493
7666,5104
5058,60
1240,4216
3330,6418
7175,4480
4719,3659
8400,6567
4311,2726
6976,1040
2051,4514
2489,3531
503,3126
4021,9062
3181,1240
8271,1339
8006,9492
9270,3174
3685,5731
1093,9231
1129,6390
3611,7976
3505,8906
4548,9958
1190,2368
7155,9025
6150,3799
8975,5023
3375,6731
3820,5172
3463,7062
1741,6944
2246,2439
5491,9637
9830,4807
8525,5605
8492,8907
5357,6796
9272,2781
1619,9766
5767,4238
7377,4576
6520,8181
9796,419
266,6865
5887,5028
8937,9821
3614,4134
2207,1498
329,453
8078,8056
8515,8872
6480,7342
2813,5748
5231,9
9765,1692
6789,4263
4893,5337
8160,3107
5130,8049
8970,6777
4322,2746
5068,5906
5799,8179
6421,262
5133,9339
9510,1095
2980,8096
6030,8984
9855,7969
9278,4398
9099,2071
2920,5348
132,2246
6970,9502
7078,6866
9268,6485
7844,5936
7453,7914
4747,1198
9691,9949
1653,7461
7402,8018
2926,9805
6616,2556
5770,3164
4061,4364
3344,6144
9782,4890
5510,9881
4977,1
8559,9708
1348,8839
4386,6900
6827,7986
3252,320
7374,2892
1093,9410
110,7142
6031,6042
5463,4926
1818,542
9109,2061
5820,3537
584,6968
4293,6184
5458,9442
7009,8757
6401,2479
6608,2394
8211,6877
8626,5379
3325,7084
8057,2355
3305,3431
5175,4771
449,7822
5024,6687
4192,6786
1592,591
2336,8392
8337,2985
4451,4914
3722,4115
7481,9725
9017,4012
924,1179
2324,8506
9840,7840
2666,9720
4261,8792
1895,9829
6912,2545
3021,4364
1481,2338
7370,1607
8229,3236
6681,9357
1716,1188
1198,2031
4551,6129
7882,2642
5660,5717
2269,794
6840,484
3872,9618
7892,2734
115,4498
3188,6313
676,1988
8459,7092
1381,4157
1735,1400
4741,9297
8494,6120
1630,8692
5482,2440
6914,1415
9294,6375
197,5757
4187,1544
367,4749
1225,157
2870,1273
2807,3080
5133,7206
6110,844
5876,9864
9871,1569
3924,6455
9978,8686
1335,5176
6022,5592
6070,7842
6755,4220
6734,5124
8494,1041
9,6927
4057,5225
4761,4104
5760,8832
6735,2568
512,1608
792,9736
5227,5183
2701,1175
8067,3410
7662,662
1977,3173
7954,7213
3656,2347
8726,1744
9982,221
602,4487
5301,6332
5564,2119
4882,9555
675,9710
2273,287
7125,4388
5181,1081
2798,6765
6671,6915
2675,7942
5942,3937
8264,4865
9284,4300
8655,5132
5396,3166
789,3484
4060,6874
5441,9384
5246,4668
7438,6416
5762,8062
2087,8817
9939,6492
2079,7989
5988,4266
653,8777
1002,4473
3394,9671
7688,3771
5021,4249
9635,3325
7283,3731
9758,5298
4110,4573
9840,2511
1584,1469
1180,6949
2997,4838
2674,6834
884,2218
9818,83
742,3356
1069,8371
6940,5079
9965,294
6935,2770
9002,3551
3978,2303
9813,5616
4977,1324
1827,185
4262,8564
5358,8330
3460,4378
2448,555
1178,2184
3500,7143
1342,8436
4588,4950
2693,9654
2111,2628
8153,3417
7950,4343
1210,969
7110,431
6594,6562
8786,3408
4110,4182
5717,1076
8917,9472
7,382
2084,5992
8543,9486
2895,4832
4808,7956
1658,6433
909,4853
2529,623
2196,6961
1507,1510
8814,9054
3284,8507
6727,2408
8356,8262
4323,3809
7533,5132
8651,6911
795,6376
3303,2660
4258,2173
3160,1873
5729,3057
8831,6640
5636,6059
526,7376
7710,9215
2203,5816
2143,2222
9724,2669
7956,1459
934,7684
801,7472
3899,204
6180,9932
6560,9828
2499,5709
8634,6489
1743,5150
6292,2420
3719,6551
7126,8548
364,1224
5774,9011
7202,6511
6833,2017
851,918
4621,8276
7634,3566
3668,7191
7915,177
2167,2849
1460,5450
9770,1750
9796,5695
9699,430
7254,7614
3459,8992
8642,4813
2490,4439
9974,9529
8655,8743
3076,7971
9444,190
2137,3354
2343,786
1191,2298
9428,327
1658,2688
7208,7398
5425,4592
601,9648
2928,3508
7306,9047
3729,5182
7146,6321
8276,7092
5130,4446
115,5337
790,8667
8516,3393
106,2007
8392,4654
2916,2178
3870,2065
9298,258
451,7780
9171,7567
2801,4836
1172,4218
5528,1722
5281,6004
7578,9338
6485,5868
4634,8369
9722,4425
9385,8785
7290,5801
9717,7508
2590,8043
3746,5916
7348,988
7824,8487
4474,3607
6705,9671
2315,2770
5202,2922
1305,5217
6009,8663
1214,9825
3260,6131
3105,1447
8756,7546
8782,2268
2398,8567
7596,3072
1568,8310
8273,4567
1008,4638
6960,6759
8155,5744
3161,7770
3614,322
5645,3616
2828,1593
6089,9681
3162,5902
2822,4899
2150,3867
3993,2623
2092,1367
692,8880
491,5226
3991,1921
1445,8256
3855,1072
1051,6243
4706,6329
4482,9214
6624,585
2928,6462
6691,6191
2653,1955
1696,1947
1051,2272
4078,241
5564,2070
6382,885
3565,189
784,5146
7239,2140
440,1577
7285,357
8081,4177
7772,1793
5322,676
706,905
8960,4119
7599,9931
808,2653
9939,3354
9589,7970
8034,9180
6977,962
5116,2103
6229,603
8346,9587
2035,3330
8734,9613
8483,6064
3960,6070
7598,4715
7069,3892
7495,2556
3714,4455
6393,9564
9115,5706
2148,4908
827,436
803,7559
1340,1755
1592,9916
6190,3394
2933,4999
5132,3444
2709,4111
4798,8445
4047,778
6817,7289
9055,6264
2088,3692
7186,8455
7397,5408
9810,4216
2351,2019
264,7911
2868,2502
2631,3507
169,8948
2870,4154
2136,8291
7894,29
1395,4757
8363,6441
4788,3598
6355,5687
53,1950
9345,1318
9654,7968
7108,109
1856,8265
7598,1069
6984,6875
1588,6832
409,8915
2,6848
2808,809
9805,5713
9634,5463
7968,8451
6138,4133
4679,6910
8269,7212
3898,3994
2094,4829
2799,5045
3116,2036
7724,5866
8071,7271
4629,8267
3805,3405
8105,5079
3601,8618
6991,2468
8307,3884
9871,3908
7107,2048
6446,9727
2875,2094
8961,9195
2622,6979
9249,2780
90,4898
499,9947
6693,5192
3918,9158
8491,9503
1913,5160
7672,9007
7628,7577
9820,1064
7039,124
7581,507
3115,6620
3649,5933
943,7661
2006,391
9500,9012
141,7637
2158,7026
2439,3068
9573,7924
7008,6838
5667,5858
3639,3223
380,4546
3935,8266
5294,746
2270,4782
7052,6842
5863,7140
2065,363
6668,2012
6343,5949
1609,424
22,5160
8470,6857
7059,3312
7745,3543
5902,4203
9467,5917
2653,6120
5768,2783
3321,6772
8708,6618
3361,1880
4334,2174
9963,8477
4955,9777
7247,4626
8630,6804
3860,2608
9974,3122
9993,5955
9212,7227
6112,9960
5701,9588
9265,886
4290,184
6863,9667
6806,7681
2237,749
3344,5206
5730,2688
3777,9258
66,4442
904,6269
7448,4689
2980,4416
1021,1218
9610,9603
9035,1208
1384,6924
4852,8312
879,2357
406,3
719,5099
4304,4800
7037,6341
2425,5283
1923,7965
9703,5077
2547,123
7665,4046
6217,3851
4188,3340
3075,1269
3105,9110
2064,4637
4487,6721
3976,7812
8055,1467
3637,9104
6512,4383
432,3707
7295,3486
4918,2875
416,3119
6480,8072
5449,6775
4981,470
9203,9008
3165,5249
4669,6920
5253,8262
5299,1745
4290,4911
691,239
1447,9197
6025,6213
6760,129
6324,8815
3839,9795
4377,8646
9821,6991
9603,1079
7278,5812
3070,6609
1830,185
2550,7217
3164,2734
7299,5158
2040,8477
3003,6087
9555,6034
9832,2627
2692,1480
641,4837
6455,4565
6677,5151
6259,9474
2455,3684
9205,3092
6575,5463
6270,7342
1151,6841
882,9015
1672,7566
1057,2974
4856,8277
2103,3308
1978,8751
8848,7070
7493,4121
8399,9824
9550,7677
6895,6113
4330,5433
9618,328
7618,1299
554,2704
8494,3020
5981,2319
6443,4898
703,6545
441,3483
4829,1118
9518,5159
521,4612
1323,4586
1651,2456
5330,6300
8617,1823
8561,156
9858,6427
3015,1091
9586,2897
6420,1443
1213,1420
3872,2382
3725,7870
8651,5605
1720,4441
5095,7191
7119,5970
8664,3229
2167,3361
1641,9006
3696,156
6690,7667
9700,7190
7144,9115
7001,2182
8086,1852
6550,3493
9765,3723
8302,4489
4562,3609
9304,9008
3389,4217
9782,8464
9375,9386
1188,6930
6797,8954
5112,1760
4933,2441
1021,4277
9478,4835
3343,9523
5877,6308
9869,2853
4048,609
2415,9634
3406,2411
5576,3633
6850,9001
5026,9033
5958,6403
6379,5520
4315,4833
775,6829
9309,4493
1668,2626
1601,6345
9310,6075
4802,3568
8938,4786
4034,3672
9495,3552
6948,4488
846,5367
5717,2140
5562,2351
4936,1959
2956,6206
9908,9964
6620,789
4134,7178
5701,1815
6500,5487
8438,8060
3204,1322
6679,3555
7335,2319
284,1483
9444,3736
2095,8540
3519,871
5998,1283
1657,1214
8003,5816
1479,9918
7935,3211
564,571
2582,3835
6228,3560
1910,8092
7010,591
8444,1561
3863,8796
344,7388
7103,6489
4350,1434
3250,5427
720,2036
1913,9600
2067,4143
1755,6523
1939,437
7332,8049
618,3338
522,7013
1583,7979
1461,3277
7534,3914
7242,706
8874,4087
4145,7603
4037,291
5720,3294
4207,9425
7952,6995
1913,7255
9109,2016
2322,1814
6512,6675
7344,9905
2701,9972
4456,7694
7951,5119
7629,9809
4156,784
863,8461
7293,41
253,3959
9365,7448
2520,2964
829,2144
6388,9945
604,6915
3756,9887
9878,2335
2232,2869
9244,7840
7907,6321
494,6242
2248,1626
3525,5241
1661,8082
8856,2658
2344,2939
311,3779
1672,6436
8489,2586
5587,7301
4767,7543
4441,7090
5404,1189
6973,2866
9526,5592
7803,8129
2105,1923
6498,1548
7673,6168
1835,3268
2660,8295
26,5320
1851,537
2298,3706
9725,5502
8071,7363
8247,7474
5356,6643
6131,7685
3293,4590
7881,3538
1325,192
2955,1832
4990,1827
9486,2757
2670,6856
7027,1029
228,7019
8631,582
5635,6297
2022,5352
8718,4937
7364,171
6579,2217
3173,9072
2302,6405
4322,6133
144,5417
2,7163
1532,9746
804,3991
3077,2857
211,6795
5998,6386
629,9420
3890,2153
5114,6067
4224,5079
8298,8826
3833,2269
9887,921
7091,3485
9493,9640
4207,707
8378,8323
3756,2614
9624,2405
2226,8435
2659,1356
6877,8888
3513,2404
1682,6100
3656,5261
7389,8798
1440,1937
8219,1477
260,7109
4443,9909
7257,8434
6792,9589
4266,4518
5408,1145
2518,4428
1170,4101
7894,8994
6515,6749
7332,8908
2826,5414
5607,1532
7104,8940
358,9248
2217,3400
4182,1042
7790,4143
9604,2500
4933,5926
4074,536
1018,1036
4966,5524
6843,5111
1819,9433
5523,2083
5226,5847
7406,8138
6649,3200
3244,7031
9810,4743
1550,9235
9418,3896
4023,7067
9005,3290
5610,6348
1594,69
5504,9907
5624,3176
9027,9826
4065,1929
243,1234
2664,1651
5008,9489
9469,5276
6604,7825
6892,1446
2219,4348
5741,7808
3620,4270
6386,2573
4328,8177
9222,6016
9430,4068
1017,8098
8904,5439
9156,8303
8282,9322
4217,2136
8980,5601
3466,954
1395,6836
490,4664
2126,4497
9847,7243
1773,1276
8319,956
5882,3758
3274,50
4806,8374
8647,7808
9396,5099
4259,4508
1193,7827
2201,275
1863,6220
3365,6757
7441,7354
6443,6132
6898,8510
68,6086
8556,3885
2773,5595
7765,8272
4319,2355
3709,4133
9838,6604
1084,2406
8733,434
8383,6524
6655,1240
2772,2305
5007,3653
3401,7542
2364,3585
7925,8651
8027,2005
4435,5114
1640,2629
7477,1272
7177,9538
8461,151
123,3193
3275,8995
8940,7591
6746,8502
1183,4793
8647,2026
8877,664
8371,4244
4179,7180
8513,6850
8284,1710
9202,2628
7793,397
5290,8492
254,4266
578,9472
4981,8060
1876,5264
5490,2518
1342,8968
2703,907
9654,768
9584,4977
152,1117
1268,2113
9173,9149
8192,3189
7476,2560
6158,3595
3795,7723
9622,3516
201,1549
4451,8512
2106,3394
467,4172
8786,5302
9459,5314
9940,956
6062,1801
2256,1739
4457,8121
6512,1883
74,9734
1450,2258
9259,8326
6946,471
8611,348
2158,3992
1374,2320
4965,6414
5694,5273
3900,4703
8630,4231
1431,4028
5022,6043
3163,8057
6288,4721
6189,4302
4062,822
6562,8600
2297,5337
9027,9465
4943,9634
6430,1282
3878,7359
2306,3145
6425,5770
6980,7042
4165,8005
4073,9211
7085,5033
7433,3911
7113,696
9699,5642
3125,2739
7249,9256
978,7365
8451,5458
6901,3178
9190,6789
4397,5712
8601,9282
4089,2047
2001,6957
1928,3510
1469,9282
3578,6339
7491,9775
494,4828
8645,9184
3673,9711
5967,3764
1394,7197
6840,1496
5274,9907
8264,7286
1368,3938
9293,902
7725,2695
2963,899
3289,3410
39,2549
8912,6597
6534,4151
5494,6388
8243,5974
7121,8311
370,2136
6182,2078
8596,5323
7292,3742
8694,5064
6058,5839
3562,5337
1246,2008
3438,2303
1392,9321
105,3192
7740,9567
3455,9800
9169,5325
2070,9146
4699,9492
3909,6218
9164,6968
5919,3863
7638,941
7014,8755
1617,4435
5349,8335
7069,8329
2957,589
6345,1429
4807,2224
3713,4932
1055,9165
1948,3347
9276,4596
6990,7729
3321,7117
2161,5734
479,7053
5962,2351
5069,4988
9078,8701
4032,170
2436,2050
4517,1015
8193,3131
857,6177
6294,3027
8874,7009
6444,7598
4736,5480
4117,6212
8417,7267
5410,252
4252,7647
2540,2960
8093,3530
9774,6977
6,1264
7276,1707
4469,265
9896,8298
3057,4471
7334,3280
1888,389
8208,8615
9197,6964
2118,9453
9364,2290
4783,4712
4329,812
697,8783
9309,373
9789,7031
4134,2425
3355,3950
4623,3242
2847,3821
2696,4091
1399,2165
218,6195
7808,9555
598,7811
6311,5727
9955,1657
6399,2866
3831,843
9077,2112
6968,4988
7510,4019
7175,4586
5439,5942
2063,6739
119,1224
7261,8491
3985,5564
5702,4637
1603,9163
3022,3938
6512,7663
8133,2905
7911,7507
8039,892
2577,5204
7520,8992
2865,3202
536,4734
7224,4644
2420,5483
4209,2122
5154,1314
7600,7273
6755,2249
9863,955
1575,6163
6365,204
3377,3912
7863,3513
5213,2531
5815,3713
6662,7365
8683,4477
1225,935
3372,3296
7928,2816
9246,2653
4897,9672
8172,8200
9830,6253
1243,2910
6168,9757
7852,2271
9153,3554
7612,8713
2159,3128
7012,3984
3411,2218
7355,6258
1902,8640
2733,4636
2167,346
4278,1816
227,8379
4112,0
9649,160
5606,3666
6382,7278
8646,2411
5536,9667
2396,5894
1564,6309
1363,6310
5302,2808
8556,2193
7975,8991
1331,873
5520,413
8919,5198
5794,5823
417,4145
9005,4502
6851,9827
9207,6726
7680,2121
2090,9157
6910,119
2083,5079
3038,6782
2876,511
8184,3632
2960,6335
7198,1965
2474,2343
6938,827
179,4261
2583,4586
1055,978
2456,4901
6229,9884
7855,3423
1112,6003
915,6415
5032,9435
1899,6064
547,851
149,5445
4336,2081
457,4071
7413,6233
914,7877
1520,6824
3695,1959
4409,5879
9279,2522
3240,7174
3448,6948
6824,218
9271,1422
6448,8477
4264,4229
5993,5316
7790,8273
359,7135
7829,6047
603,5899
1355,8273
8552,7549
3516,9008
4049,1687
8843,1173
3389,2421
3490,532
8008,7669
3080,1942
5492,9770
7153,5705
4929,1776
2204,8440
6328,6392
2961,82
2309,7274
2583,3050
9897,9883
3755,7316
381,510
344,7848
4577,3488
5190,2605
3704,2349
1496,664
3828,3708
8092,3541
7166,7582
8094,5513
2289,4504
7074,9466
9766,4204
9306,9088
9802,3881
3838,9081
2279,2380
6317,9655
6831,5359
2155,2145
2581,7406
9136,8703
4186,4301
3181,5238
999,8459
9654,6348
1300,2152
4343,8283
823,7661
73,3636
6530,3187
517,6338
3387,9931
6370,9123
8805,3762
307,7330
1774,7934
9219,5576
7225,4939
3725,3045
5510,2335
5470,3068
2359,2739
2709,8612
2801,8287
5785,853
9651,5594
8547,9895
216,2752
4603,9826
8351,6462
355,3740
5611,3294
7621,597
6527,8787
9145,7174
4370,6402
7954,6849
5014,8041
6820,3400
2382,7978
8125,8489
8580,5737
5734,3786
6902,514
5094,3195
3665,8970
47,7819
3305,7966
5006,2801
9868,8927
1854,201
5653,6721
5137,3560
5656,3796
793,1748
9311,4800
4597,9325
2975,3577
6057,7381
547,7838
141,4132
4038,7358
6787,7127
8199,1026
4137,9517
935,6181
750,8591
8315,9245
574,7466
995,3744
9262,793
6179,2767
9389,6499
2465,9390
7990,666
7351,8431
4670,9576
855,1234
6791,8825
8162,4510
6406,8236
1856,7736
9005,8602
4230,8439
6309,9782
7983,7212
7360,5416
4497,5076
1475,5849
5958,8293
2986,6736
1834,7024
7765,7630
219,5606
1322,8291
7927,8279
3369,7906
3271,9742
323,4435
4417,3263
3280,7697
9135,648
8736,8336
8331,9183
2368,8206
2619,8868
8785,4440
8568,5189
8277,7158
4454,9611
1168,4443
3136,585
7860,7843
9709,9459
9313,9198
2329,4899
7320,1236
334,3436
5719,2536
566,9989
6418,7155
5545,7281
5613,9930
5062,4131
4888,5342
9171,2540
4099,4371
5697,7801
2882,8682
4219,4817
407,2063
2588,8281
2854,1075
8651,2927
1869,5512
4068,6886
9481,1577
2521,435
5307,3946
7729,3697
9352,5988
2849,6226
4522,2922
2211,8577
7794,547
3558,841
9395,577
957,9809
267,5967
5185,8842
3985,6679
7509,8176
2770,3973
6932,7664
4230,4837
4140,9575
7886,7307
6387,443
1686,4056
6088,1322
8609,3459
8507,692
1346,1081
3642,7856
7151,6826
9671,7678
416,2413
6085,5270
1448,2930
8807,8357
4124,8472
4259,2002
7691,5334
3227,8484
4724,193
9680,5443
9184,7633
4606,208
5378,512
8785,5177
6895,4873
9140,2629
1308,8912
8658,1437
4182,4952
2252,6897
9246,6739
1932,7603
4460,2500
1897,8112
1589,9206
9129,1439
1237,8691
7550,6420
2930,2525
667,2164
2701,8774
3859,8065
8625,9988
5067,6203
8453,6183
7591,5647
673,42
440,9190
7782,2394
8998,5767
9980,2082
6183,5689
5978,810
4708,5662
2487,2612
4258,9055
9197,4057
6975,2940
4952,443
7140,167
5594,2040
3373,5536
3601,6525
1789,2740
5647,7458
4965,730
130,9265
797,4546
9735,1708
6775,2140
6353,2777
9063,8393
1991,6102
4923,2698
1708,1402
8946,8157
4719,5756
1417,1019
1729,4233
6897,3146
786,9027
339,3017
7209,918
8827,804
2267,3772
5093,9996
6590,9306
45,9414
2224,3843
76,920
2600,8466
8015,5666
1268,1995
6912,147
2210,9655
2724,2178
7022,3825
2076,8672
5584,3875
509,1858
3633,5646
4642,8994
4315,3581
6069,2823
8115,5332
9060,9790
3572,3256
3999,1892
575,4315
2833,8348
3985,8803
2466,5149
6024,5679
46,8392
5021,9438
3955,9868
6076,6226
1622,4713
5505,9720
1218,3631
7031,4801
802,9996
5327,3757
3527,7970
3370,931
7393,4837
8672,6529
5275,2151
2053,6708
5819,278
3023,7365
480,9128
454,2381
6380,7812
672,8578
421,120
909,9618
1368,8405
794,4185
157,4635
9030,9658
1838,6756
967,5565
7541,1853
2409,5024
5927,5840
3565,5650
8461,185
4854,8107
437,921
2305,8334
7440,1824
6119,1844
6150,7538
4467,1126
4230,8323
5186,1920
7236,2926
2487,9680
9040,380
2604,4450
4375,4284
7926,27
5020,5439
6842,166
5350,5905
4931,6054
9940,7515
8139,6048
5005,6638
5266,6576
9733,9301
6581,6088
3368,309
5272,4371
8989,4374
4325,3454
6151,4582
777,9847
5121,6061
6359,155
636,4071
7905,2371
3621,6542
904,4442
4918,2093
1948,7858
957,8844
3335,4855
5496,843
9145,6823
576,7
3444,6047
2715,4404
2180,6389
7400,128
6635,1257
9838,7762
1499,7611
450,5050
5857,5839
4907,2948
8001,539
1540,6134
871,7472
4289,423
7147,5248
8813,6013
9024,3279
8246,2205
9765,1937
4629,1794
7826,2070
6219,2414
1441,2103
4527,7751
1800,7202
2656,5172
8017,6646
8788,519
9024,660
5243,4606
8752,1079
2692,9089
7863,1163
8668,8240
5531,1182
429,1240
9564,681
8629,6420
1689,1505
4423,8024
4811,753
7908,2007
4343,7977
895,1760
9748,1998
5823,8173
7601,1343
7327,2327
2828,211
1881,4374
3395,2917
3776,7077
930,1253
9639,8261
9102,5757
9498,6783
1870,2767
5047,43
8726,7400
6309,6292
6617,2992
1297,3844
1646,657
6324,4371
2474,4561
4010,6174
108,1335
9441,7067
1820,8820
9799,4984
8381,1039
8574,1341
3598,6699
2650,3024
9826,4314
7915,3631
354,1397
175,2324
24,2122
4668,8843
8042,6464
5728,6914
5491,9369
5498,7598
4001,2386
3097,5474
4869,5438
6992,2825
2088,2082
1844,7557
9973,3359
6673,3116
2092,2827
1179,2075
9169,5173
7687,7482
8202,3143
1359,3648
445,9022
551,3013
9030,2990
1715,4974
6357,1300
6708,6688
4429,5515
6593,3264
6134,742
6079,3234
9303,7857
5560,556
8659,9149
1432,4000
9466,2344
5690,2549
1619,4690
7786,3215
7633,1739
9546,8605
2464,6175
9605,6824
3404,2721
965,7540
4559,1956
6483,9005
3443,7307
7512,1856
4972,3171
9660,795
8044,9596
6338,5294
1586,9509
7101,4957
7132,716
7629,8038
5494,4103
9506,3699
7404,4592
1624,5439
3802,3138
8534,7610
7829,2263
562,2850
7077,7656
1567,1507
8872,1883
754,5775
6634,6837
2826,1562
4306,1664
6073,1392
2869,7358
764,9999
8568,6964
9652,16
6079,4923
4732,5176
8738,9028
6011,2562
340,8949
4812,3547
6904,3227
2705,490
1811,8828
9014,7992
4153,3098
5320,4457
2502,1618
1585,5922
7242,9637
2562,7491
4797,7172
6564,6027
3180,353
1902,7574
3761,399
6001,1848
3607,5111
4689,9184
9590,637
5464,6010
3858,376
1214,5163
4210,5597
5167,8840
3115,4885
1616,4182
6818,9797
3049,1323
9167,2075
8426,681
1693,4194
7688,1997
8753,1474
3641,3694
4875,1400
821,6662
5139,5646
7888,3115
3042,8400
2355,3701
9455,6290
7696,6047
1837,258
2814,8059
3673,3680
5821,337
533,735
1330,7847
7101,3365
253,9037
5726,5520
8449,9179
5564,9191
3746,4410
3932,5927
7891,642
3501,2306
7420,6161
9538,5183
9353,2872
7274,5118
7424,1339
1535,1963
5125,1360
5104,3575
5672,628
2187,7975
9292,1994
4384,489
4165,9957
4645,4726
5901,4015
9896,6383
4173,7555
107,7756
1818,7970
7480,8809
8653,4494
4378,5553
6031,9611
565,6880
7989,3839
2023,7505
1304,3084
5725,6878
3796,7606
8999,8168
9124,2947
7724,7066
5220,1218
997,742
8577,3506
7608,1132
8623,6129
7691,3565
5758,840
9098,2109
412,2368
5589,4280
1900,9722
9695,4858
1073,718
1130,1348
8841,7236
8830,2970
2184,1514
3779,2929
656,8549
892,7068
905,3205
7351,59
3045,865
2825,9522
6811,2559
1906,5396
2823,4022
2222,8347
4673,9697
4603,6258
9688,2571
8396,8992
3151,707
4751,2300
634,1502
2512,3793
9736,3102
9712,1005
6086,3535
6639,3443
7846,6437
5999,1082
3258,8444
6187,601
2371,993
6403,2175
2791,191
741,3190
7431,7519
1187,1710
5369,2683
6297,5970
7382,5353
6390,606
3376,2971
3485,7134
1903,5293
7891,3883
2892,5220
8799,8903
7419,2158
5629,2153
3604,4392
4148,1134
1213,925
2443,7772
94,98
3166,6471
7646,2302
8273,4765
9078,5939
7006,1393
4500,5768
7269,1367
9240,77
793,8161
1132,508
4614,7507
9158,7518
3197,9917
5044,4277
3562,9060
5479,3822
9143,7348
8176,2999
5795,9696
2559,3562
1953,8383
8823,7666
8734,6791
3422,4237
8929,8560
7020,6859
7792,8364
6214,7632
814,1602
3331,1558
6938,4541
8829,3075
116,6065
8059,6953
2966,3238
2959,8610
1578,5406
648,2335
8627,4791
2527,3705
6907,2323
4842,9037
2041,5688
5793,8499
968,7452
6415,2196
5275,253
3529,1227
3730,6807
3167,1081
9340,3694
1413,5319
7591,7101
8940,2773
8576,9030
5338,7212
2041,8255
918,6748
8457,8138
3073,528
3827,7175
5596,4939
5487,8137
9883,5213
3830,9752
1926,3396
2452,9503
6225,7530
8973,6544
1712,779
9844,1962
6634,7132
5466,7025
7111,5617
7386,7282
924,8133
3616,3801
5034,7944
849,399
8953,9478
6359,8837
2596,3917
9156,1408
4820,709
2561,6494
6137,1232
4951,7617
5085,4423
5424,2750
1067,4104
2563,7992
2324,3080
642,7544
4118,1714
5154,424
7723,8637
8806,9689
2793,7652
517,1033
2444,7769
5927,6568
8578,9155
9600,3063
4058,7992
8244,8158
2479,8957
2892,34
5792,4964
1433,328
2738,3801
3433,3896
49,120
1145,7369
2342,6046
3842,6095
8438,7515
7076,2660
38,2148
9746,9478
6240,590
7935,736
8341,7444
5694,8706
963,1100
6404,1694
6164,6849
4527,2162
8107,8012
5444,8836
8273,4697
1511,3402
9287,4187
9820,5930
732,5365
7388,7108
8552,7716
4112,4681
8669,3857
7910,4389
8443,8017
4658,4363
6693,8185
526,2051
8043,7649
1351,3114
4937,1866
7249,177
4712,3811
8138,8789
7726,6017
3618,2987
597,6693
7783,607
798,7644
6792,2476
8171,85
3078,1495
9758,7809
8824,7555
393,2121
6089,1818
1726,8827
1255,5743
1588,6682
7306,73
1824,9552
1178,2920
3973,9881
4010,9749
7231,9849
9152,6184
3403,4181
2300,8927
9934,8642
6524,2670
3548,3168
5449,2251
1312,4868
9549,1292
2299,3407
3959,4491
6960,1204
4908,7850
212,7230
3611,6465
2305,7783
1486,6296
9085,5353
4843,1117
3628,5677
7716,3025
5442,6834
1205,125
5737,1274
5033,9140
4260,3244
8560,6355
1481,7168
9800,3844
5363,2004
444,4101
4733,1048
2784,9346
9954,4531
6579,6907
6327,7732
1978,9989
6451,8884
3955,2354
6577,1359
4254,9562
2890,3111
9351,2228
1736,9552
7572,7980
7549,6477
1907,9064
2146,3501
1435,1703
9426,8352
6863,9955
2332,1435
8231,8258
7120,9432
3780,5037
3630,3241
9768,7453
3544,5363
3942,1296
414,1344
2791,60
6726,9624
9225,7398
9302,1244
1312,5984
6660,3355
1595,3087
6747,6581
5048,8331
5119,1343
1293,1881
7541,7643
9985,6756
4174,8516
458,2375
7987,3712
3128,5635
8283,6897
2275,1938
6373,673
2610,3179
3799,9119
3367,5082
8157,4899
193,4689
400,2572
489,947
52,6139
1369,7031
3129,7374
3903,5398
7372,9270
4813,6416
9865,708
5815,1557
2677,291
2006,280
5761,7477
4710,6731
8774,2353
1142,2873
8998,2175
2401,4056
7046,7297
7857,2340
583,1234
722,3279
550,3854
2979,7342
4353,9346
2939,9238
1244,2654
4364,9432
7512,4453
2821,9182
7120,7260
9788,7401
3779,884
9130,2422
5271,1795
3345,5943
4011,8881
9732,4064
2156,1999
1975,76
4311,8607
4716,7605
3651,9301
1313,2054
9534,1677
3357,8531
8013,2105
3948,3096
9702,6060
6453,7507
4477,5207
7825,847
7237,4128
7028,8094
884,9139
3777,6857
448,1371
686,4907
3893,8480
9613,3080
1630,8275
8298,8172
8351,1950
5875,7656
5322,3572
2864,2912
1341,4107
4500,6514
321,5037
8954,5098
684,6710
4,99
4821,8980
6475,7072
888,4520
1005,6903
2241,2443
3114,8100
6089,8548
9757,2140
4017,6499
9386,3176
9960,2942
8579,9177
6831,1037
572,466
3119,8314
1468,1670
6442,4589
7604,6254
2546,6115
2256,7524
8481,9415
1294,1049
3585,8469
7174,1244
2385,4773
5795,7452
910,7132
7775,3438
5733,8289
692,2673
8981,3380
3033,2623
9612,346
5126,3509
4825,7731
1285,1330
4860,5305
2582,4214
9000,7109
5999,203
3318,8188
2674,8191
1091,1227
5996,5286
9758,3073
7586,3671
2292,3582
8748,5173
5989,8260
3230,5861
2435,4376
908,380
6439,9373
6085,8710
2949,2605
430,1218
8276,1539
1792,8485
5529,5237
7356,9616
9812,1386
6319,257
1372,7045
4224,1449
8846,7834
6542,9760
3774,3880
3376,5058
9643,2411
665,8088
9290,7513
5417,4163
3488,7648
2397,9706
7133,2077
3101,2603
4260,1190
3727,7568
7569,1842
7054,4941
121,7837
7869,7764
9625,3283
5213,8043
6207,8970
4015,3063
5493,1850
1006,8379
5026,3521
5286,2565
5307,2931
1414,3919
6512,9514
6940,358
5465,6781
8300,6649
5158,1551
586,2094
7458,8164
2704,3642
8380,7419
4601,2414
1406,3448
7318,8999
3973,9896
5236,8635
4786,7041
4799,4902
5844,7593
8411,1353
5798,2124
2404,4634
470,428
4097,4456
7246,9008
265,7362
2565,6690
6906,769
4263,8091
3221,1676
1328,8632
4074,6414
2475,749
3509,5510
5980,9586
9016,3646
768,9287
1232,9300
887,2962
4360,1675
1275,7015
2124,6398
6717,9292
6713,4866
1052,5211
3763,5926
56,4450
9277,9706
5316,7505
6501,7123
184,1357
6751,8904
4907,8409
528,4973
7822,5301
4277,8922
2027,6862
1008,974
5750,7428
184,8074
2844,4893
9912,6385
2425,1312
5738,6789
2341,7584
6991,3883
7352,9691
6127,4606
8799,2105
5423,4368
2499,8637
5015,4485
9487,7690
4583,7654
9983,3830
1860,6590
9266,6281
171,7895
2331,2780
4555,6151
3799,1559
6877,8317
5668,7281
9339,3460
8382,7469
5839,1475
6310,8918
376,446
1269,988
3892,5061
6144,8647
2036,1289
3148,610
1450,771
8189,5236
483,2595
6791,2012
9137,4382
1223,2426
1032,3551
9812,918
5493,7102
1785,9857
5613,7754
6359,5258
4001,6731
8015,555
9847,6068
8605,6465
4830,8993
5338,176
4151,1748
881,3867
6503,5740
4854,1239
6606,6698
6657,8680
3541,8970
1169,2715
6048,2439
3919,5457
7216,4942
361,5015
3034,3572
7703,1644
7397,8828
1960,1623
9336,8475
1368,7180
6806,4187
5166,7243
2939,2793
3304,6221
2396,9997
8144,2498
8745,4825
8785,8540
2544,4363
5663,5103
3807,802
7846,5282
3482,537
5162,2855
1683,523
8738,1303
5779,8351
4689,2023
4706,2439
6907,449
8063,3524
4342,5080
8198,818
9025,6305
1266,2174
4521,8647
6779,7185
5183,992
5281,843
1185,6857
3070,9913
5283,8812
3249,502
1996,7025
9953,6909
9078,2947
4981,4350
5513,2445
4476,5428
5512,5962
1908,4823
3253,5152
2047,5332
9145,8662
8367,7728
349,4412
8669,8665
7252,446
2246,397
1871,6198
5311,3758
8629,1694
455,4022
5603,7827
8063,1029
8497,6092
6430,3507
3614,7016
4994,4868
2726,1117
8459,1602
5840,1484
8642,6819
5438,1513
2373,3693
1365,5921
9305,9555
5284,7649
5331,5722
6810,5083
3342,8506
5881,9536
37,5340
8140,4555
5863,2433
2686,2402
542,9438
1000,3151
6438,1715
5074,6140
6550,7990
8723,4371
2859,9909
3557,7878
8157,4360
9809,9569
7265,3265
6245,401
9393,3461
6178,9020
9197,8713
4172,2968
7535,3844
9801,5888
9604,9047
542,5440
298,1431
4578,1754
5978,8491
4072,805
2228,307
5587,1111
2268,3591
3690,7820
2461,3418
8793,9663
4030,565
5724,1242
6132,7580
5656,4522
4318,5915
5615,6664
7525,2769
1319,1683
6374,2259
5493,5950
3094,5545
2783,3090
6080,3427
5992,9157
3382,1271
4246,9319
7445,8170
2681,9002
1008,9096
9146,9519
3318,4743
6266,3256
8799,5573
513,6995
2300,5457
7693,3784
5020,5790
155,6889
4999,9128
9858,8913
5881,1321
2599,8278
4039,6178
7339,1692
8439,8548
7257,8876
987,7213
1853,7464
8929,7950
708,2749
4610,1257
1006,4135
1850,7650
319,5404
1658,3677
9367,5855
8643,761
1935,4192
5206,9284
5581,9026
9009,105
6851,1722
1135,7073
2002,5614
1668,3361
5279,362
1812,4696
6623,7528
2784,4869
8757,1358
9794,4995
6383,8569
8661,2165
5544,4752
977,6753
1217,3057
7036,6815
1214,6855
233,1583
9500,9864
2893,4213
9432,1984
1478,3211
275,8276
6311,9731
6325,2710
3666,3400
2846,7979
9965,3769
7554,3567
4649,3130
4203,6574
6845,6644
6515,1435
3606,5314
4852,6842
1584,5929
5891,9469
9974,7882
677,8801
9460,4106
9291,4176
9753,5277
1718,6496
6998,3604
8279,5357
3235,2353
4389,5722
7094,4529
3951,7132
9032,4769
8101,2534
5983,3197
2692,2995
6978,2830
4417,3565
1255,9716
6637,6025
5960,2835
7692,7139
7210,5654
7738,3907
254,254
1134,5615
544,8597
9081,6767
3604,1020
5301,415
6371,5866
9166,9264
1361,6064
1151,810
5442,9521
5227,7315
9392,8709
4498,9877
9339,2866
11,3975
7872,3746
3414,2051
4490,8253
6273,3816
3506,9125
6464,4477
1666,2815
8538,1494
2136,7761
6566,147
2325,2602
7576,7370
4473,7875
4342,356
9473,1648
9594,8973
9065,6921
6734,1565
8365,5315
1634,8342
6802,8408
3535,8976
7432,1821
1090,5845
1053,4382
7025,6141
6650,7380
6634,3072
5769,2322
6477,528
6293,2555
2378,6165
4093,6490
3319,7439
8869,1501
7420,1762
5189,7962
6230,455
7605,31
5134,2620
3969,7139
6917,8151
9513,882
2349,2258
4859,5630
2256,9219
5040,5940
2623,699
4005,8978
7350,7098
5186,30
6367,2565
6843,1950
2951,5885
6378,5532
5853,592
1855,5602
5902,4424
5216,9266
7632,4135
4278,4136
2094,2733
2840,5910
2838,8747
334,8259
6553,3465
1227,1974
2703,6772
8132,9378
6503,5881
7554,3754
5287,8176
9163,9613
751,1812
7573,2119
1925,1530
5250,9766
737,1690
9134,6901
715,551
4618,7886
2780,5845
2037,9584
3490,9587
6618,606
3722,7397
6433,5131
6034,5887
1518,1904
6787,3074
4154,9835
3735,1745
7232,2223
1098,123
7401,9332
5357,1188
3836,752
5036,1586
7667,5236
9118,3935
6083,9403
3686,496
4437,8054
2368,4946
6665,9068
8235,4042
584,3884
8433,152
7342,2291
8161,8397
2326,5922
3598,8746
3774,9117
4144,623
2687,7977
8555,2716
35,5740
3101,4479
214,41
3004,5728
4477,7172
4512,2309
7620,801
4865,3672
1126,619
2919,833
6446,5256
3615,5985
7358,6157
2770,7341
5250,3270
6815,8317
9538,811
475,4509
4405,1656
3644,7870
8651,2679
9124,5119
274,7083
4447,2379
4040,7139
675,6998
2613,831
449,5695
976,72
2134,6352
7158,4353
8533,618
1575,2860
7375,1241
9014,80
4192,1749
2171,7372
294,5105
1193,223
417,7039
2309,7020
9817,4245
8115,1587
7627,6445
6757,15
7009,7841
5965,9585
2671,8609
279,6014
5388,6366
7893,7274
3545,3939
6546,1318
5420,4964
5390,1930
2385,3702
3338,4469
1736,2442
3175,5688
5025,2338
1813,4406
8885,6280
622,1776
6255,6958
7595,493
1111,6496
120,136
9650,4408
2415,4633
3964,3951
6827,6807
5355,5159
7260,1925
9702,8364
3039,9751
4076,3009
1769,814
797,5056
1893,1326
2196,9566
4568,7234
307,2849
2583,7695
4123,6658
6995,1640
1077,1965
5936,9567
6274,1200
9162,205
6772,1557
915,2156
7275,5672
1283,2956
3542,3874
1063,5380
3168,3324
1321,7215
9005,8761
2864,3717
5713,5039
8404,6843
9617,652
4341,1383
3723,8371
2737,1798
9509,6971
8502,75
8764,4118
1450,7465
4005,6090
5678,2809
6378,5485
4236,8218
8081,4050
736,7229
1613,6439
8426,1725
1457,9633
5943,2729
3743,2634
3559,9212
8432,6686
8766,6728
9172,7166
2955,5280
7041,174
2170,1332
7890,8139
7479,3097
8307,8327
2503,4175
3172,2555
6816,9451
5249,1133
5259,7460
1444,4546
1310,4920
4487,9652
3899,6394
1560,9820
9276,1061
7178,8258
5783,8677
5770,8602
5206,4462
9650,8595
3935,539
838,1193
2381,2537
2549,3444
5378,4785
1554,9041
572,1512
3942,5032
3726,249
3672,5771
2122,2607
9130,5439
2045,5159
8620,682
3044,8344
3710,1340
6489,4071
3458,6617
9626,6048
3032,7731
9933,9435
4318,6369
8051,2894
3561,3934
6708,8568
6656,3813
9677,212
8484,8100
1012,3040
4034,7538
3124,3743
5529,8668
2443,3311
1545,3410
9513,4285
3100,1436
9338,3562
2189,9632
7147,6261
4865,7585
5285,7214
8525,3916
5421,3331
7084,111
5097,6915
2061,1209
4438,2324
4371,2211
7042,8985
6095,2740
3032,2284
868,2815
4696,323
5083,8216
7016,3441
2802,2339
9265,5346
2910,196
2828,9247
3864,7275
8002,9862
2651,5052
8214,8180
7883,9192
4244,2345
1532,46
5889,209
9752,4014
6524,9139
6050,9231
6609,2082
4151,2184
8369,607
6888,2217
1464,7145
6923,6375
9024,2118
7138,5948
3148,9981
7934,3792
3961,5588
2169,4960
9676,2853
6009,147
8243,9821
6096,3383
1582,4749
6621,6361
4891,2009
4755,8008
3106,9472
1867,9217
7588,6040
4846,5513
6622,900
3674,8946
9574,995
2264,6571
6800,8740
6527,9910
677,7695
8406,2093
2877,2247
1219,1371
5585,9439
7038,3445
1026,4897
4009,8967
1019,3719
7868,1608
2834,9993
6171,3761
3380,9169
4868,5120
7747,2526
8024,1931
2710,7550
6837,2094
8098,4481
2502,3452
8873,3539
8988,6042
7670,4323
1891,1453
7083,1969
1694,1394
7066,8053
7154,9378
5448,3769
9563,193
6702,5017
5096,2629
2930,6662
7470,4669
3685,8599
6388,3215
7643,3934
4407,6856
3097,8703
9510,6631
3612,3307
4017,8130
1144,8174
1950,504
8132,8683
1181,394
4450,8692
9345,2815
2033,7972
4357,2364
9761,6883
9416,9964
7367,9779
1891,4036
5217,6928
3120,1084
6710,4284
3822,1236
6001,5288
6171,3553
8295,7866
7721,1017
9230,5153
9605,3863
767,8221
1688,5909
2571,7454
9818,4230
5122,9924
1578,930
5393,7961
5657,1040
2270,7021
5388,1187
3267,6760
8905,4747
443,864
871,6795
7292,8458
1215,5321
155,321
6250,5553
4978,1850
4637,9671
9025,3391
842,2323
6313,5497
519,775
6704,9959
7288,785
1140,2980
2415,1847
7689,3787
837,8723
2724,3585
3138,933
5683,8059
161,4854
2072,3477
6860,1752
6383,3218
573,8925
8027,4618
6652,4122
6460,5759
2315,14
1692,1738
2129,617
7108,7687
9672,729
2884,38
6914,9054
9888,6597
3965,1413
7945,3063
481,6705
5261,2465
8869,2630
9676,2959
3683,686
2521,9201
2184,8428
6342,5984
2653,2082
8718,9846
7437,6079
7813,0
6638,7592
6056,5147
5558,6489
7873,1006
7604,5674
4873,8065
2575,7795
4077,4799
1676,9580
6325,5497
4032,3105
7867,2779
5218,9266
3631,9240
4051,3448
9373,9558
6818,2561
881,21
9056,5269
932,8595
6909,4149
1962,7969
9201,227
960,7359
7195,6995
922,1047
9486,6541
8002,2555
7198,5586
648,7540
9614,6929
2156,5837
2088,9677
7537,4601
788,1564
4249,7414
7041,9874
9422,5461
8661,9950
8731,2064
717,5846
4492,2616
6971,1240
2080,6239
8552,8964
8719,6716
4617,9296
9729,3497
5136,4948
1447,1745
2205,4346
2797,6609
3511,1946
6561,8855
6635,4856
6087,153
9777,8946
950,6516
5363,9430
852,5344
2323,8215
5280,83
5280,2317
2979,6032
3031,782
5231,9149
9384,9954
2815,4493
5459,6697
6255,8811
8590,2884
8709,1945
2012,5596
5615,2702
2446,3557
7385,5343
3480,4903
3273,7737
3670,3475
3792,9804
6013,2828
5287,2975
4817,9669
9718,1115
6120,6415
717,9018
3495,2443
2524,7322
7093,5088
7274,9193
6727,8301
2201,8911
3657,9414
8993,3080
957,1830
3769,9115
6248,9908
7782,700
269,7128
2236,2478
5083,5220
8728,7636
9134,5134
3302,1115
9175,714
3699,7720
9541,9895
6389,7963
92,7826
2652,3676
8221,6603
1234,7029
3894,7320
6042,2413
2084,6168
6910,8948
649,8554
6715,7398
7816,8655
7029,2190
6097,8549
1639,7559
3004,189
6119,3810
3951,9924
3266,4370
9047,2799
7964,5240
8688,4187
2351,3031
7326,228
5140,2248
9675,4741
8049,6063
6189,91
442,4660
4908,5769
7713,6540
8211,2849
4396,931
8355,6557
8340,948
5557,8121
5009,1214
4907,9907
7174,6704
8564,5620
3114,989
2977,3754
5808,6488
4702,1158
6676,9672
7507,536
3799,8939
8718,5465
8748,2820
4395,2672
379,6568
6979,267
9512,5980
8806,5759
4223,2065
4682,70
9753,1383
2588,6693
173,6662
860,1741
7548,6251
3572,8450
4665,3999
8554,2025
3094,8349
5686,4939
7291,9311
3899,7156
7384,2133
8962,6637
3144,2635
5845,3677
1629,603
4371,441
5526,8342
7277,5686
7093,7603
5390,8518
3384,6091
8908,5503
1336,7275
4816,1962
476,4948
4830,157
4813,6167
6001,1312
8296,8588
3553,4200
2484,517
2087,6956
4300,4551
4874,3628
4243,1692
6707,9238
2312,4376
218,9862
8683,9167
884,876
2967,8573
3810,4244
9656,8918
305,898
2122,6563
3695,812
7912,7678
8093,4987
3037,1337
6968,4927
1524,7716
1827,131
8947,4985
1865,7031
3257,6573
729,5150
1749,1810
8679,5375
611,9769
6909,8301
7553,186
6813,4172
1955,1528
9152,5703
8846,4373
5371,3882
8531,1797
7816,5695
3670,4893
151,833
4752,7607
3813,3567
4393,4918
6555,605
3267,9511
9984,1843
9835,2178
7200,8361
4043,4026
4422,760
1750,8640
1699,7122
4644,2780
4343,2628
7944,3408
6164,1031
1995,955
9462,3364
6894,4869
4657,8399
1537,3945
8914,3494
7088,8488
1321,6115
8558,5077
7779,6223
9546,7589
3458,6357
3996,3879
947,9264
7537,6804
1333,7823
168,7946
112,6861
4028,2099
7717,5658
617,5447
1355,8816
5716,9750
411,4955
7521,2318
7995,4316
4766,1189
3597,4851
9896,6348
998,5963
727,5534
2320,3346
4674,6389
8729,4501
7696,4254
7797,2262
6585,1456
5807,2033
9,2377
2887,3124
7890,3486
5046,1438
4125,9572
682,3500
2095,9369
3922,6389
3930,9357
9898,1013
6919,8365
1766,8043
3177,5330
5263,3783
5130,1985
1877,2303
3893,5260
9317,1797
7401,4570
2739,182
1779,7996
9264,7076
4325,8849
2882,1696
9109,8141
5101,8799
2434,8107
9285,5855
8433,7631
8329,7253
6064,8711
1244,7401
5268,5128
4621,1351
2019,7468
2020,739
8790,833
8628,6746
689,1086
6626,636
7609,6318
1948,9170
5040,7511
9520,1704
9820,3742
3246,633
746,9444
9626,6390
8567,1562
4756,3127
1811,1152
9576,3595
8729,2715
8087,3755
9105,4775
4934,8643
4798,1891
9671,6254
5424,5026
2899,918
2579,2494
9736,1399
8593,269
8550,5596
6186,9923
4896,6600
7328,4561
5425,4286
2144,5049
5379,2257
7428,6817
221,9485
8185,6306
3997,8880
7447,6216
6737,1025
3221,2047
5154,5549
6563,5778
2713,3115
2119,2142
3183,145
6498,4905
3408,5113
2466,113
1119,3671
3321,5755
5438,5939
5995,6585
2351,7369
8515,2851
8824,8202
6753,4536
7631,8957
9475,9768
1340,7335
5476,2231
6700,4941
8144,896
209,157
6393,4752
4915,7962
9681,3927
3007,9100
8252,983
3291,7394
561,9732
8510,7554
2565,1510
3514,6760
9904,1654
6186,868
3564,6113
5171,1920
2940,4461
5281,2663
1883,2079
7259,6556
3019,425
3852,8200
9799,1239
3497,8016
6340,7817
5999,3049
7259,9489
6201,1235
1440,6077
6748,4064
4057,6987
1478,2610
7971,8904
4161,6518
3456,7937
1139,9689
8934,6315
3919,3258
160,7803
7218,3196
886,967
9207,9087
8190,2317
3259,7267
8473,6158
4618,7415
8271,3276
5325,3282
544,8957
6949,3939
9698,8410
1722,1318
7833,4051
7787,6006
1221,5400
9207,5971
7685,4733
4614,1261
9562,5647
4790,1410
5506,5346
9303,6733
5573,3207
5991,3575
3830,7192
6213,3562
1251,3645
9303,9609
7710,4763
6794,4623
6206,7660
2514,176
1280,3381
4354,566
8677,5672
7952,9447
3023,9038
633,3163
829,963
7684,1913
1709,8304
6140,9779
7442,7060
2307,4519
5466,3120
4967,6215
6238,5717
6375,1081
787,5130
6096,638
2779,7076
7970,8817
5682,1089
8695,1432
4917,4074
6219,831
9796,2709
7312,5389
2906,4016
1336,6600
1956,3744
6893,4493
781,8730
9249,2495
1245,4767
9782,1144
9875,8226
2936,1213
4043,2541
5579,7806
2824,5300
9166,77
1889,5240
72,9059
5584,9025
6964,1323
2461,180
307,7724
5239,5609
3314,8702
7931,174
4177,8929
393,2085
7804,2762
5878,7567
7040,2441
7055,2001
2908,992
7803,6658
7183,9357
1277,9691
380,5040
2500,2285
7204,641
6586,5003
5171,8370
5880,1065
7152,4927
6145,7360
4287,3741
6861,7744
2054,6779
381,566
8450,7171
9872,7277
1361,6463
5604,1361
5734,6494
2979,7804
2606,9045
330,4251
6724,2075
6503,9049
4515,4997
158,7696
432,680
2301,1925
9322,878
4832,5165
5220,2745
6890,4509
8233,5005
2238,9113
8618,4341
6342,6877
4806,9139
3400,8193
3717,4551
5691,4269
7110,2274
6085,9662
8497,5644
4888,4163
3471,8882
941,8132
5829,9162
3575,1378
2187,6886
6239,5671
3843,7824
3535,2563
211,6764
6529,9731
2340,257
1287,7060
536,4007
7556,7564
7786,7174
8316,3385
8094,6980
2192,7172
4103,6347
5363,8028
5345,1048
5236,6853
2032,1173
142,8387
2012,1142
5211,1311
8510,8877
1649,356
9575,1221
964,8819
3901,2685
7597,6710
5480,4181
9165,9437
2579,749
9479,3739
5406,7606
1838,8056
2922,4153
650,2286
9277,2824
2311,8589
8093,7782
8307,9068
8090,596
2221,7863
5813,3943
7370,2106
9145,8116
2007,337
4554,9367
8459,3175
1852,3943
2406,5548
3958,6829
9958,1860
9586,5584
2337,6281
9862,6903
5184,7585
5552,4978
2172,8516
2366,7891
6956,7622
7085,3553
1592,2470
9275,3298
3463,2102
5368,9837
9369,6553
9896,6253
4354,2564
2237,3916
6930,5114
2202,8697
7032,9398
3209,4694
1001,1690
2995,5955
9698,7715
5666,3722
5392,8813
2705,8736
5409,2974
3079,8885
2526,862
3511,9809
8796,1242
9128,3546
1946,8972
4063,785
69,9843
5015,2752
7617,5066
9156,8102
7572,6030
6431,7914
5653,1747
7696,1196
9248,5816
6264,970
8371,366
5014,4398
9500,3407
7232,8871
7125,8434
6119,7718
876,9001
9416,7323
2941,1885
9776,8926
6295,1487
5762,5853
5489,6843
3757,9195
198,132
2076,4560
6226,829
4299,9318
3954,6848
9589,1635
2388,4169
3643,3096
6227,2358
6253,3818
877,835
9199,5023
4531,3884
2825,6248
5212,4874
6896,3085
7746,9080
9682,7248
8491,9858
4569,1802
9525,4156
6780,4538
3626,32
1433,2070
3842,6084
1940,7402
7903,1981
5696,9765
9487,1716
5045,7176
5863,973
8460,8309
3002,147
9059,1213
9752,6690
1176,4195
4742,2045
8141,4228
3905,4211
8715,8034
8761,6180
1482,2045
2563,4176
8085,3247
818,7972
549,8137
4054,2689
7557,2324
6730,7024
8201,4245
9646,9563
8363,459
3128,6262
6821,5956
7317,548
3199,7919
7882,6823
5439,7548
8559,7399
5183,4994
9198,8742
3133,5082
6251,2806
5965,3182
6603,6030
5071,1110
2725,2915
3405,3606
4482,1774
1839,8868
4287,2558
894,4624
8102,8332
6890,1893
1783,2502
9189,2075
4808,7962
8499,3532
9696,284
7029,8023
3357,4082
1590,8565
7940,6729
9354,110
5978,7385
7629,7215
3047,2969
2350,645
5469,7287
8768,2989
6233,8630
7456,4305
6549,719
7391,6502
2103,4934
6479,2479
840,1695
7003,1061
1821,7924
3468,5054
7855,2315
7407,8438
2143,2631
9733,5605
1687,8693
8617,269
3389,6180
1675,4511
9704,8893
3961,4050
4627,1976
8925,7995
5191,4569
5348,6425
8754,2765
2284,3851
96,6082
6201,4033
3764,1293
8428,7148
309,951
3997,5602
8538,2874
9976,3427
7439,6204
5684,8922
2030,8856
5577,2896
9596,1020
1806,2185
3699,1273
8210,313
4531,6114
832,3188
9898,2319
9734,4083
687,3324
4642,2285
4334,1487
9416,4112
8618,3732
1401,8919
4433,856
7693,145
7038,6851
3015,715
8590,6905
9619,6076
9078,8280
3519,5374
1427,6220
73,5687
7376,9758
3581,4666
7497,5056
523,2815
8351,8687
5826,6874
7338,1821
9628,8379
2665,9871
5594,4370
9213,1848
8949,5914
4923,3537
7821,5407
4217,8546
3842,2163
5345,9638
6252,810
3056,584
641,892
3909,638
9412,274
8470,8810
9035,1454
4580,6458
9635,6312
5878,6917
7847,4500
7091,8699
812,7486
3467,4817
4740,7837
2056,7751
423,3577
4970,8965
7017,3887
9381,572
7479,6940
6243,1524
7912,890
5310,9725
675,2528
8237,168
2472,8136
3015,6615
5476,3638
8679,7326
1932,3559
1814,3524
1865,691
1435,4110
8259,733
937,9954
2266,8329
3905,9870
2665,137
5218,5417
2009,8834
3338,1279
4984,5988
5815,2369
6100,7969
7031,1886
5452,5227
5087,4169
2485,2780
7,9510
7332,521
4435,9364
1163,4560
9362,5810
7399,773
2353,4245
4089,6455
7283,9673
4722,4152
6976,339
9857,7875
4873,6692
850,6033
8807,8868
7343,8082
6559,2881
7794,5613
4093,6435
3730,4908
1421,776
9978,2113
2288,4268
332,8417
722,8597
5326,2186
2923,4681
9321,2087
6986,1255
6752,4797
6482,1439
3125,3842
4751,8537
6257,4652
5618,7971
4259,9906
3700,9732
3140,5807
3171,2246
8509,590
8240,5479
8534,8786
9419,1313
2709,2279
1805,9887
7391,4575
3491,264
8799,6468
806,4707
5206,3957
6526,7192
6537,2641
749,9357
5177,5311
7390,8644
9064,1980
232,526
7737,4021
9973,1379
5851,3128
7660,5364
6547,6640
8953,5077
8054,6465
5332,3207
3669,9787
2573,199
7998,9065
3946,5404
5167,364
1762,8874
2832,9232
562,7162
8330,3152
4670,2204
7142,2424
7087,9386
6227,6731
845,1064
8909,3360
3957,5674
3536,5458
5423,6360
5568,6578
2658,2211
7012,6689
1332,6513
4427,7127
9519,5086
2042,5517
8851,2807
3524,173
7915,5329
4592,2721
7097,5541
2169,6997
3995,951
2154,9868
498,8670
4274,908
1226,7189
4917,6852
4236,4360
2537,6623
2475,1135
7691,5757
5779,2618
4395,5540
8001,5117
2291,7702
5547,1438
2962,3072
2695,3676
5925,2626
5928,8468
533,408
2377,8756
3638,713
167,6342
6336,2988
9496,2781
745,2557
6512,8148
1881,5692
4106,1750
881,5401
1179,3580
3356,5279
3629,7038
6997,7238
8520,9553
5456,2773
9441,2764
5834,9987
7,735
3194,865
6596,2625
9588,2786
1909,2922
1362,4366
2267,7438
5457,1044
7311,8918
1155,1367
8070,4621
7719,7388
2186,4282
4108,2572
257,4824
9431,8751
9518,9011
9396,217
2808,7874
3430,8175
3811,1875
4552,2282
2187,6709
5786,765
4975,918
5216,7514
496,1877
9037,6311
9478,1279
18,9567
2426,8696
5249,712
3305,1735
8547,7132
2776,127
2419,6096
4177,9098
3314,1296
3308,5165
4810,3167
6613,2579
2149,8107
6359,6022
5739,7476
7948,7884
2963,6490
6467,9906
5321,6978
5788,2712
5434,5012
3161,693
8954,3749
1201,7836
3591,3045
1167,4517
7147,7064
8318,945
1914,2524
931,3930
7445,9906
6584,7855
613,8202
5596,6634
9524,481
9668,5835
6363,5332
3879,3083
7982,1475
4929,3831
6850,3766
1408,7336
3592,6661
4363,4919
120,9532
7825,9017
7424,221
9173,3104
3152,8355
4056,707
5682,6030
4795,9237
548,7174
6329,8676
7009,4156
5011,1416
9113,6058
4383,7497
3094,6621
2700,5010
6011,6521
2893,7046
310,5660
8724,2019
3629,2533
3203,8119
4102,279
7445,7918
8725,3850
853,3606
9562,5252
8574,1077
5900,7854
5033,8695
6927,9268
3992,4963
712,5768
6988,1246
3795,864
8020,8747
4102,1231
3921,3362
5984,4753
2664,4445
7214,6749
878,2396
3931,4803
7634,4264
7687,1497
4608,2749
8855,8439
3650,4930
3019,1890
5179,1621
3394,9946
5394,680
96,157
2995,3794
7096,4016
7163,9579
4649,3617
1091,5879
5844,6602
6634,5989
9373,1603
1222,905
1270,2759
2864,1797
3154,1635
7607,5860
1223,9323
8379,1352
8408,7938
851,1920
7372,233
3713,2274
3299,4860
8857,7296
447,4066
6223,8127
1263,5709
3330,8383
8900,8177
7293,3020
6656,5227
298,5911
8039,1707
9216,24
5204,4882
2330,2208
55,9226
6252,5818
5669,3119
5664,7667
7170,2530
1449,4601
6643,7588
7984,8015
4817,5314
6048,8166
8257,8039
8992,9254
101,8772
8354,1267
6723,9989
4443,7981
8879,1762
1482,3617
7608,5802
214,9357
5552,1015
7758,2392
785,6711
8117,896
6402,3017
9999,1593
2613,4652
9733,4610
9136,7587
8711,4867
1348,3644
3396,8781
8739,6515
8632,4658
4249,8440
5531,5008
2366,2630
4098,8866
3209,3501
3854,8578
6245,1585
6268,3655
2553,7400
4014,2466
7011,6886
4500,7829
488,5769
502,6585
6880,6999
5629,5076
6040,1986
4401,0
7031,2915
934,5917
2314,8997
7827,4325
1024,6012
4268,8919
578,3343
2971,1487
5495,6884
2953,7798
4738,972
8590,3743
1230,2760
2724,9545
8295,1612
1731,3298
5274,5950
6932,6753
9808,2073
5565,969
1991,4069
8985,3465
8562,6484
3253,2524
7640,1528
5268,4125
563,2085
2519,4700
8042,1816
4792,3685
7070,3385
7679,1049
2591,2081
7618,9897
6785,6996
2032,9755
8058,920
8090,9714
1627,6610
8460,7463
5925,7288
6948,7980
2987,2645
7410,3921
1011,1934
1195,6981
2107,181
3854,6327
1914,6702
7879,9044
6720,879
7539,545
7910,6086
6251,7101
8025,3637
3314,2250
9676,8742
4077,7039
8247,4411
6369,8818
2819,6170
1516,4848
857,4466
1235,4515
1807,5463
1435,3759
5608,9593
3591,4220
3855,7869
2600,8685
4833,4273
6304,1038
3792,1011
3942,7319
9403,7652
3862,1636
8755,2074
4564,2563
6535,8383
1510,1708
4420,8427
4958,1521
1643,8344
9703,9259
3613,246
2484,4686
5483,2004
7208,5289
9176,3307
34,8300
9736,9721
480,7042
5400,2331
1938,8964
1928,4483
4486,7636
5944,8419
2487,9916
6041,2793
485,69
2248,7308
2997,111
5679,1570
8209,535
4734,9042
5921,8560
2673,7790
1618,8318
2402,2492
1817,4354
9009,3764
8800,3613
3228,9703
5857,2182
702,3749
3681,1322
8931,1329
7970,401
2256,3550
4824,5642
8057,9618
7695,5452
7608,9308
5203,1169
3764,9405
2027,6925
6269,1438
2460,5010
694,632
3443,2287
1913,6741
662,2598
4824,5865
992,2766
8280,74
3744,992
8125,7858
6313,2528
7873,8971
3341,8529
2154,2310
5782,1674
5094,2334
1294,270
1989,7237
6772,7692
7035,925
5061,1004
4734,8188
7991,3979
8761,143
9270,6391
6043,8261
9998,7127
7643,2723
864,591
2997,8040
9301,2206
5797,8452
4325,9817
1518,3077
4137,4207
4001,2549
9760,1770
2268,8386
3055,4615
9234,2717
3922,16
9315,1595
2800,4565
5899,1425
5516,1949
8438,7363
5038,6668
7433,6488
4634,7603
4323,4006
9909,8134
3408,5314
6750,5490
6598,1372
4575,4306
4282,3674
1904,9549
6621,1755
759,2219
4097,7968
6684,9791
4958,6591
5301,3108
6156,2286
9973,9963
7203,9635
8891,700
9092,2975
2852,4572
9391,5801
9918,202
3950,4802
4643,384
2660,7335
5796,5029
4345,1772
850,6978
3013,8719
2734,4563
2780,4262
6059,9214
335,3038
6697,6379
1997,4790
2697,8963
8779,2049
1630,8726
9132,6697
6600,5439
5415,5497
8120,1858
8263,6234
4428,5945
1496,2359
2579,8619
875,528
514,3263
5375,961
2461,4369
2497,248
2646,8664
6406,7241
7312,7463
4424,5658
3923,8462
1005,3420
8847,6731
3051,9769
8886,6227
3536,3920
4333,5017
217,8039
3403,6005
7696,3257
5677,5512
2010,8958
3449,4005
9232,7082
9987,5577
2901,6118
4867,572
2950,196
2698,352
7654,807
4326,8219
4875,1792
5263,4489
5673,4959
1747,5815
2628,6133
3804,9888
3975,7290
4430,1336
826,9924
418,5580
4960,6377
9718,1438
3738,6627
1459,4506
6624,4841
9995,9372
1351,4085
3802,4043
6939,1926
4220,4576
6962,5472
7853,7184
8350,4213
5609,3397
3,8755
9188,3064
6371,7830
7221,2058
6753,7637
5464,7110
2050,3890
4872,6462
1220,3426
744,3880
9039,5759
6631,4299
735,2454
5915,3439
3514,387
2239,8873
5758,7351
7128,6118
3456,2521
5998,7356
6101,6745
874,6756
5365,3766
8474,4447
1686,9910
1577,5109
5610,934
7862,8467
1455,7423
3491,2985
4231,1577
8017,2356
4177,7585
154,4380
5048,3603
2,583
8340,5023
2336,975
476,1958
4228,9440
6751,3488
9928,4225
7489,6301
7250,8406
4287,4240
4875,2418
4462,9513
7992,7488
5676,1034
9257,6109
9580,3428
3478,9392
5200,991
6136,6038
837,5106
8689,9732
2508,6436
8141,5103
4202,6664
7832,4758
1628,8950
8176,2475
7994,2433
8855,5774
816,9840
1880,1790
4820,1939
9785,6009
7996,6492
7758,1450
6802,7774
6627,6330
998,1600
2642,176
8243,2091
9872,7916
5556,7108
3704,8641
7090,4659
2504,9855
1265,2055
3382,2039
7462,6914
1766,7219
7181,2804
7850,8554
1324,2187
4292,2296
7406,4226
8522,6581
8919,5540
3288,2067
6726,9337
2389,9597
6805,3702
7248,7907
5120,2024
6885,2820
8443,8365
2634,7213
685,2140
6238,2795
2549,6980
6890,1798
2264,6902
8683,6683
8242,8913
7978,7443
3821,5521
4013,598
2435,7338
6453,8300
8091,2000
8378,2293
4960,4825
6222,3513
8544,9359
8966,3103
3770,7454
3087,9155
5381,8638
476,3354
7963,8804
4688,3703
5798,3774
1771,1228
5027,8278
6636,1629
1679,5873
7161,7658
9102,6906
8543,8627
2121,8263
4471,4059
6459,660
2493,4388
5716,6198
6240,3269
5858,3600
8801,7749
3472,1992
6342,6145
8318,254
1767,1826
3743,9173
2591,3264
2736,3734
2821,4244
1007,7186
1904,9439
469,5210
7015,8438
3382,181
8380,4086
4704,7799
500,5693
265,1121
2054,1877
4316,3919
6176,3916
1720,7242
5524,6315
5938,2842
97,5424
2200,814
9944,9587
6151,4311
7086,2672
8653,4818
1182,2306
9958,7062
9004,9250
4783,8789
3955,1325
36,7503
4473,1869
8878,1080
9202,734
7836,1483
2859,2653
6637,8755
3519,203
6345,151
9112,949
3322,8314
6782,6655
3277,3757
2113,9964
3844,968
993,77
3152,4851
6029,7204
5264,2717
7893,2968
8363,1234
1543,317
8755,9977
9181,6019
7356,973
8885,4573
4878,192
4169,4936
8995,5093
1199,4745
8143,719
7558,4189
8059,8493
5911,458
3892,2943
8018,9614
9353,1157
9553,8950
3890,8036
3438,1757
7191,1246
8136,4383
4207,2882
4677,6384
5667,5249
8452,5039
3493,7372
2221,644
8474,4324
8716,2148
8711,253
6689,8721
19,1614
6946,2847
4556,7100
840,1365
2327,546
813,4214
2158,5971
4407,3136
4182,6120
2145,3122
3609,8992
2902,8919
4115,7638
5730,1046
5228,7612
7392,1209
9503,8746
8916,9845
7759,1409
8830,6641
7112,9646
4161,2210
8333,800
8511,6228
7040,5265
7344,4845
6458,7102
5808,9549
5863,2840
3626,3126
6907,1090
524,3315
4997,872
8462,2956
4989,2651
8233,2681
7906,6223
7740,7831
6793,1530
1638,8204
1741,7621
380,4849
831,2229
3163,4721
7684,3214
2824,3279
5624,5908
4552,4214
92,3188
6304,2714
4904,2087
4720,2272
7082,2012
269,3427
1675,5112
7501,376
2681,718
4966,1102
7603,5732
9659,1166
8617,503
7760,6124
7560,5605
8235,1088
2494,1375
1914,8748
266,4055
6918,782
3945,9718
0,82
7481,6782
8583,2547
6494,9339
3552,3689
2617,4373
4240,9277
2047,2597
747,9804
9677,3994
3870,7590
9689,1099
1647,5404
3194,9000
352,4804
2657,351
2741,3771
197,6257
6263,6330
3290,6657
5002,8112
950,9983
490,1929
7345,9787
858,9551
5538,5436
8067,732
1886,1894
1647,2702
4034,8465
739,9893
7121,2864
8874,1309
7691,7964
3362,6530
7925,6416
4508,5558
4185,3274
2350,3663
4582,8046
5382,2094
7605,8355
9056,4021
474,485
4398,638
9588,691
2557,338
2107,4355
6325,3309
483,425
4401,7191
5404,8610
4203,1540
8968,1762
2229,3247
898,3596
7047,4746
8035,7239
2661,1683
1294,1295
4993,5110
3156,5749
9474,9997
1630,9171
6092,8449
3943,8140
8423,846
4834,2605
4495,8731
6208,6071
7020,4244
28,429
6688,5627
7442,2230
7126,5743
4789,7461
7663,6326
5836,5534
9033,3750
3194,6370
1663,7507
9963,6129
7152,2356
376,305
5040,5205
6500,5352
708,2199
2056,5235
261,7112
4496,9681
8271,2986
5105,9806
1628,746
646,8563
5813,4030
6938,8539
3213,538
282,2681
1387,1604
4838,1517
9339,27
137,3077
3020,8823
483,5877
5696,5446
3518,6849
7764,1177
5124,3082
5601,3362
8786,1704
8259,1743
4083,5069
2973,204
4272,3516
2882,7122
8392,1683
6347,8306
8929,4547
4335,923
1739,875
5020,4748
6461,3155
8953,9647
9739,6699
2390,9001
1253,4832
5299,927
6084,8714
9758,5075
5309,9945
3358,5271
9170,5671
3637,6946
570,2684
5361,8143
706,9331
4289,622
5472,3796
8785,9382
8878,1098
848,8830
5769,1693
2663,4920
2560,9327
7371,9647
1251,595
3926,9877
8893,2876
2101,7957
7880,4858
6736,1247
9878,6900
3281,9914
6945,6497
1593,6636
4798,3903
4662,4839
1270,6156
9472,2656
7050,3242
8705,6956
9064,2661
2004,4319
6623,4897
2782,4901
5656,7609
1394,9051
4398,1311
3778,9807
8346,546
815,1374
5341,4547
4377,5713
3578,8628
190,5957
8124,6909
2090,4171
7235,2163
7312,6454
9970,1165
929,9643
7102,1600
8370,3669
864,2101
353,8120
2535,3213
6377,1518
2702,9365
7636,8798
3219,2716
8098,9616
915,6160
8117,2792
7636,6202
2634,257
4710,7069
8034,4096
210,1315
3084,6191
9259,2674
1114,6979
3755,4469
9570,9067
5674,2697
7939,2464
1607,998
3133,8563
3033,6355
6012,1010
6107,3155
5837,116
9198,8426
4940,9932
1904,1453
7752,8274
9016,9427
3820,6924
8112,2978
2575,1957
7139,1829
8445,4556
2689,9083
6640,102
5616,7290
3090,9679
6298,641
9724,7994
6827,8709
6790,5423
7710,4744
9972,7661
9692,2420
8096,7135
73,6764
782,9665
654,339
1089,3282
6844,2172
3928,2675
2810,1194
3376,1632
2254,8042
6275,2480
9802,6363
3052,2745
3336,1243
5210,1872
9097,9716
1309,3006
156,9489
4550,3432
5798,3309
6027,5385
8048,4407
357,9596
9497,8349
45,2086
5672,5493
6518,2640
7775,9524
5336,8513
9478,4417
8436,7055
1423,332
5859,1694
5744,3574
4337,3285
3122,429
7844,5972
163,8623
9798,8123
7628,5324
4248,5298
6889,7192
7301,5084
2573,8526
6746,8524
4445,983
4915,1914
7393,8716
4426,210
5157,7473
7653,9908
8145,9650
1663,132
6588,9968
9268,1554
2408,9100
9485,1875
1184,5122
2618,9546
5956,5465
1399,5906
1734,881
1134,2075
9738,532
6591,3891
9959,7738
1593,9789
1945,6961
715,8264
3477,6843
8438,7002
3093,3694
8165,8968
2392,9230
906,4084
9070,7725
3822,7710
1834,2533
6835,8967
4108,502
1153,5506
4206,9829
6835,3865
1502,7647
7891,5881
7408,4596
888,6353
1907,653
1508,6534
1849,8622
9575,3624
2196,1460
1561,5989
5350,6470
6635,8136
3225,5241
7859,5041
8848,3663
2955,4041
3106,4974
1317,8775
3044,5787
9952,1557
2180,5604
6531,6932
3225,5975
1911,9303
2368,9849
7572,3764
5820,5946
4427,2921
6198,6591
7946,5196
2638,3206
2585,7168
5766,2876
389,5573
9273,2963
8720,3378
7640,1082
5604,4074
5640,7961
2111,8239
4283,4311
5215,6479
2574,2590
571,6962
1302,7171
1222,4022
800,5958
6627,4346
7245,3109
9960,5029
3654,6028
7136,473
4233,7764
4006,6059
1202,215
7805,9930
4453,1083
6961,2731
8526,7817
9161,6365
6752,9574
8245,5066
9021,4776
2429,1337
172,4285
1738,5111
909,4462
6604,5121
3754,1095
3694,9378
1548,6567
7297,3076
9322,706
6961,1009
2669,4787
2301,2318
8175,8193
1544,2421
9716,143
1945,4172
7018,1218
1134,6468
137,5331
3067,9774
7932,9347
9623,2174
8579,2237
2695,2002
4572,9367
303,2328
3983,3891
8301,2903
3745,4235
8390,4480
2240,9824
2850,6464
8990,9296
5762,9158
7965,458
2682,4269
5505,2620
4989,4949
2591,5625
3657,6191
8605,2004
1585,2902
410,2685
1396,8508
1694,1775
2064,2667
5380,5973
6242,7332
2726,3613
2600,8119
6603,2498
6604,1068
3695,1464
2887,279
3496,7387
5844,4108
628,3068
8262,8886
5301,396
4242,6539
3340,1938
5550,1264
2996,4691
9816,3038
193,8290
7392,2490
565,2713
8760,164
3443,781
9058,1053
8847,4906
8433,3690
9163,5802
1005,5139
5158,9450
3463,3098
2631,104
7510,9660
2164,3258
5193,2265
9205,5904
9090,9871
1713,9333
6646,6804
9452,6058
9125,4391
9538,1842
3489,8832
3674,1632
4235,4396
9977,243
7470,4854
2858,3749
1904,5681
8566,5762
9626,1886
264,4260
6591,5769
1929,2427
5262,4327
1198,8741
3035,1064
3007,9588
5591,9864
6124,3999
9707,5098
1726,2946
4710,8437
7909,3045
3675,362
6446,6358
5895,3893
1003,6066
4280,5456
405,4777
3087,6910
2027,7637
6912,8994
2577,8594
1796,2410
7621,3719
2804,7267
7737,6302
381,5383
208,2194
2627,6113
4565,1251
4444,9015
1075,7237
4995,5447
824,997
8497,7281
9194,2542
1139,9657
6811,1474
1981,3482
3513,2264
6951,7852
146,4469
8108,5997
3175,6979
7750,9657
3359,826
7059,8467
8531,6450
3440,445
3929,4765
9706,1136
5533,5862
1539,6166
1444,3931
3266,5903
8987,9221
7431,3105
903,9671
6011,4505
6445,5358
6426,6890
7560,960
7851,4073
9676,5855
5715,2662
9890,8509
6179,516
8148,8307
6433,6849
4783,3167
7824,5401
1634,3
4475,7584
9013,5683
8735,8014
1477,6427
3541,4811
2456,1129
2717,9589
6537,9487
7871,3183
