3594
245
5486
5119
8554
9811
5873
6645
4573
6230
2720
7058
5757
4329
3322
5573
3305
1044
6844
6768
4676
4873
6458
5139
1635
617
6987
6933
1568
7590
2194
9110
4370
4478
4307
6602
484
9142
911
464
850
520
5263
228
7832
4492
3649
1354
92
8312
5950
8388
2951
7102
9942
9192
2471
5725
8849
3102
3326
1842
5117
9002
8314
828
1196
2810
7496
8819
8540
8381
7017
7411
6702
5148
3376
9581
4064
8125
7150
8816
8090
4278
690
1788
3302
1518
4236
8423
4974
2706
3608
7607
2021
7424
1352
3218
4719
9887
3777
8165
4687
9413
5284
3228
8419
984
1900
3291
84
3570
8769
6973
9970
2853
8269
9451
3220
6895
8744
3582
4426
3625
3379
1318
7569
202
2369
1982
1763
3891
7838
7872
3830
8138
6156
6780
1548
6503
5684
8127
7148
226
4981
3993
9739
1548
521
1326
3824
4161
5505
3386
5858
1261
4235
1706
5838
5992
4896
7823
2812
6477
9280
1600
6858
7779
3388
3942
8289
2543
4327
3124
7665
1167
9584
4969
5256
4392
9854
817
7614
698
9279
4874
533
3168
3220
8918
7859
3575
7160
1369
6620
2003
7641
2249
6313
4853
7599
6528
9030
270
2719
125
5948
543
6531
5053
894
2307
5046
7596
2652
9748
5909
3287
8196
739
5147
1387
6600
6423
5071
5966
8646
2720
7242
383
9965
7018
5228
2177
9985
4725
6384
9903
973
8774
7092
9982
7865
4154
365
5638
5548
9835
8594
5426
260
697
9161
4216
4168
3240
2713
6669
3269
1881
4427
1583
4976
1571
6640
4558
9338
156
2450
4126
6569
9912
2756
5226
709
7454
1086
2526
8214
910
5206
3219
4724
9925
4859
3968
9874
1940
7055
7857
2560
3974
5867
9649
7834
8800
7490
5806
1402
3507
3528
9415
4564
3312
4043
977
7838
1414
1264
1755
7072
2909
3200
2343
2921
8255
6098
700
3571
1806
4120
1514
7003
9421
7714
200
988
3017
1493
6193
7421
2280
7585
4110
9047
9071
6644
8161
1619
1788
258
3092
5153
7237
8540
4778
3160
4076
5420
7402
9570
463
5591
1695
3708
1174
9991
492
8178
9903
2442
7833
385
8341
8145
4625
3275
175
9494
4633
7204
223
7183
1786
1509
7849
1422
9798
2505
3917
7358
5292
9303
8497
2774
4266
2333
8036
8819
2781
4705
8166
2851
2901
4134
4382
2539
4360
6589
1715
5635
4596
2291
9102
5734
1694
4052
9148
2036
4512
6457
442
6119
8731
1981
1744
2674
1185
6704
830
3628
7155
1738
2962
3146
4343
5501
6201
7374
7215
4260
4789
1713
298
8937
4124
1477
9967
4836
9924
9837
6791
3257
6766
9382
913
9422
5051
974
5276
3126
8329
5653
9436
7255
3517
302
8642
6182
8875
3176
9423
605
1086
3966
1508
5692
6948
7472
3906
9119
7046
1815
3056
7769
9845
206
8594
4830
1009
1993
6264
3111
4941
5718
7556
846
6600
2226
6212
7466
2934
2973
1060
6014
2898
6475
3884
8229
7328
3681
2348
3973
9954
734
6001
5617
9841
2821
5792
6011
2718
9334
2064
4375
6068
7037
9934
6716
1890
8318
8397
8033
4369
141
386
4894
3621
6238
7064
7818
8121
5750
6808
7539
3027
1754
426
6386
7474
4991
1600
207
4466
3865
8032
2108
6127
1306
9143
5167
7742
4464
2917
2696
8241
3650
5240
9074
1042
7291
7829
1069
9624
5502
396
9201
629
1999
2808
8861
6687
7185
5386
1098
7926
1217
9784
775
6393
937
4609
5716
8251
2715
3465
6993
2966
9352
7603
8311
673
6038
4126
1089
1959
6949
131
4409
1994
309
167
9794
9646
1703
7468
5565
4760
4938
3571
9052
1912
2453
806
5257
643
8245
723
6797
7505
8418
6064
4927
7603
5375
9851
8358
6834
6748
3855
4085
3072
3615
9121
5332
7802
7970
3937
5122
6933
5362
6147
8666
3942
9136
3941
6013
7878
3557
7046
638
8648
1755
6556
1805
1447
1453
6678
5151
2435
5957
5210
9950
3217
8182
8216
7144
1692
6231
9812
7819
4347
7248
421
6301
6076
3647
1938
4044
8090
4829
6724
9623
9758
8882
4174
4659
4181
8216
654
5234
1236
374
6440
9114
9285
6040
7446
9517
805
1305
8187
2811
5814
8384
528
2165
6235
8760
3134
3297
9509
5528
7103
289
6446
5754
8650
906
7538
1384
9146
4133
5494
6803
3938
5058
2682
9737
7480
8941
5834
6273
2581
8282
6061
2148
4257
7670
9428
2308
6343
4284
9640
4053
5807
6558
1902
7934
2680
2526
3823
309
3622
8442
7337
2247
1343
6283
6026
4580
9727
5526
8186
523
6960
5191
6571
1069
3738
1638
3057
7314
3916
2393
4387
3135
6210
865
282
3915
8941
8139
661
2347
2841
3315
409
7265
953
9526
2119
7662
7128
1966
6071
5624
212
8818
6411
6030
6088
2710
9920
7588
8173
7729
434
6757
9564
7447
5397
7920
1285
163
2779
9411
6071
6514
865
9955
8685
7217
7375
9655
9597
9355
4760
8114
2568
4849
8879
4889
5414
7034
843
4623
2214
1000
7532
2820
8430
6733
5435
1686
6490
8772
2952
5500
5701
6450
4713
8500
7589
1962
5070
5045
1621
5970
5089
2619
9602
5595
5136
5386
8287
2497
9087
9818
5699
9477
2752
4455
6875
5417
4351
3303
9101
5018
3025
2595
7706
1340
1776
746
2541
2223
5295
5141
8264
3707
8752
9391
5440
9511
2092
698
9263
5806
4601
8014
2670
6059
6363
3923
652
6449
6581
5914
8268
5727
7723
218
5448
1689
9646
3579
234
1388
3488
9490
9392
9188
7634
2249
775
1397
3019
5754
2838
9130
8367
6669
884
9616
7163
295
7764
5111
5740
9918
5742
8426
5656
6513
758
5699
3570
9565
5838
9184
9198
5043
7526
6894
4990
898
4457
254
7706
1281
4446
3996
6332
5428
2025
2842
6470
6612
8062
7812
4182
8138
2427
6645
1363
7323
1830
7943
7813
7816
131
8496
8891
3301
1281
2098
9580
6949
3970
7162
2104
4349
337
4217
6814
4598
5061
7156
7848
842
8604
340
5842
4592
2113
9088
1208
6961
8632
3594
9632
6293
4527
132
7591
3826
9467
6556
1504
8637
3085
660
3735
1787
2902
7891
7293
1001
6972
5651
4411
5177
6685
2318
2382
1342
5167
1783
4956
1271
876
3429
1080
1973
2763
6934
3718
2718
8861
3810
8467
5088
3719
3186
9500
7565
1988
7928
8799
4584
5001
274
5678
408
7312
2602
537
470
9838
9843
6020
4853
8904
5114
8464
8224
154
2404
7859
1727
2236
699
9449
5512
7690
3184
474
2204
4663
4447
3272
7532
8260
2017
4829
8552
3851
7968
2194
8503
8486
9865
5881
3397
6926
4433
6427
1461
7616
9437
83
1829
9391
1295
4205
4137
6173
8161
3439
5549
5587
5748
7474
6408
8964
3845
8329
6453
192
9926
8382
6337
6263
3155
5981
3683
9373
6449
6175
5938
5037
5385
5572
8114
8539
1688
8062
1841
9913
1551
4448
3916
6330
6957
9312
3635
7946
8072
2877
4842
9491
1951
8861
5628
2892
5545
7002
2594
9424
2769
4208
3483
9949
1241
9828
847
9923
4730
7573
2768
8889
7299
7703
1124
6481
6917
5169
2246
907
8111
33
7098
2326
1132
2235
5577
7315
6944
3047
88
6115
6666
970
7910
1790
8696
2958
4313
3538
3485
7949
8393
8172
1368
713
2990
7562
8691
6036
8735
8732
3373
712
8018
6422
9340
6441
7942
2731
1334
9753
5939
2273
3006
5167
4735
4387
8923
5407
2351
5465
2704
7551
5277
6596
9004
2715
3746
8946
1601
4525
2614
6175
9139
8605
3272
8163
7547
2633
890
356
9646
3028
5370
8467
461
6232
9749
55
1961
2981
5279
5890
3282
4197
4257
4609
8734
9504
7025
2447
403
4158
7489
4795
2760
4602
1
8256
5455
3698
8144
2498
1770
8749
6251
4862
6976
4749
1989
9511
6067
4023
4319
8733
6695
3614
1180
9758
5465
6442
1672
3398
9864
5249
5647
2116
5406
3818
7260
5771
8019
1196
4322
5536
6823
9489
5927
8137
341
1373
4681
8554
3874
8839
560
8323
4549
6581
8838
44
7655
4541
9168
7640
4727
5276
5700
3839
1863
3327
3931
2075
9617
3282
4309
5033
8497
4527
7455
3651
0
7003
794
5681
7099
5718
4947
3256
8219
4443
9793
3981
7958
3300
2118
1356
4142
1621
4282
2933
9092
9026
997
5913
1846
7972
211
7688
1014
7529
5281
1491
379
4976
5973
1098
6372
2108
3814
7363
5699
3346
7420
9410
8004
1679
6864
6430
7949
4639
9856
98
6830
2102
2637
8553
223
4190
6834
5850
6144
8129
4762
7346
4247
1624
8510
3881
2775
7845
5726
1265
8208
9919
1241
8252
1788
5439
3173
5052
3578
4799
1700
2919
4396
3166
3061
527
2057
1621
9038
7486
5498
647
5864
1560
4801
9289
3526
6200
2888
4296
2146
5180
5348
7763
7798
6265
63
8172
4459
4810
4441
3923
5929
8287
2891
2309
5568
1284
5096
5288
7736
9074
4998
2967
9843
5949
9846
5273
6292
7876
5159
6192
7929
97
4107
879
4632
1280
3981
1209
9632
5405
217
5798
3009
431
1329
7530
8777
4567
6401
7523
7020
4245
9623
7566
4860
9724
7316
138
869
6927
4146
5484
9643
3162
6958
2274
7484
2213
5358
1732
8979
8365
7010
923
9735
7992
9202
9223
1283
9411
9646
301
4786
8020
8443
7891
2859
7107
768
791
5555
3806
4747
962
3304
5992
959
5031
1118
572
771
3231
1280
7211
3218
4288
1936
9959
6
3044
181
3426
3445
8886
4588
7171
5889
9797
1363
63
9382
4940
6987
7784
8580
8223
7283
9810
5736
1512
7309
8889
5878
1296
9844
7130
1252
2901
5907
7994
8418
2099
7906
369
3785
8640
773
1751
5848
1792
8998
9428
1303
2371
7427
6563
1288
5691
8823
3633
8117
7921
6210
2199
5442
5352
9576
524
4875
8870
4144
858
8872
1729
5091
577
6559
3824
1904
4821
6793
2077
9099
8416
6862
6193
7050
2454
6646
8211
3224
3373
1346
2687
9439
9687
9251
4586
5884
1230
946
1096
7684
620
7215
3950
2344
6564
1630
9355
7641
6830
9459
7318
4697
7402
2500
688
5615
9378
1189
7680
4136
9018
15
2698
5241
8345
5813
6167
4761
9747
2281
532
2989
3762
4623
7238
2935
8349
4069
4825
2765
620
2051
9026
8408
5959
5884
2780
8975
8928
7515
8537
487
4548
669
4051
4652
4256
3578
4111
8512
7935
3935
9585
834
8369
5126
359
361
7707
9815
3307
2993
7982
6841
2065
719
5969
1043
3950
804
9581
7134
4987
8546
9139
3133
851
1256
9089
6403
7961
5516
719
5137
9942
5566
5256
9590
5960
3330
5548
8214
5368
3891
3779
4320
1886
2188
5960
8872
9148
2131
331
9924
7437
2366
2096
1328
9170
1440
3529
669
8087
1629
4104
574
7947
1548
8676
6228
8120
5804
3421
2677
8661
6215
1055
1408
8663
7071
3826
1884
337
5631
2077
5703
3859
3210
5067
4732
1823
8371
9266
8436
4179
9079
413
7152
6681
7496
707
1292
379
3027
1131
1468
2329
5743
7965
3607
2648
4343
2797
3736
7302
2670
945
452
586
9280
7259
719
697
5193
1034
9227
8548
6770
1953
22
859
6257
2537
9864
1356
1912
8090
1631
4721
854
9848
8131
9094
2760
6738
9091
1323
5070
2054
1235
6836
6620
3908
1245
7400
9060
9015
7264
2729
868
3404
4005
9966
3383
991
1745
4834
8619
9009
2289
7387
7183
6243
5318
8051
8919
5398
7935
7858
6606
2937
9570
3835
5862
8306
4545
5229
7852
368
8013
5239
2054
2391
7952
7899
1329
1846
4687
8320
2170
117
7771
2019
8470
9614
7458
9003
8295
9558
8914
1514
7332
2764
9050
2739
7768
6894
2514
7
1897
5656
4567
1734
9080
9167
4711
2996
4748
6333
223
9549
5231
3006
2412
9481
4042
5400
7004
8787
8543
6614
4006
2607
8582
745
7898
6461
2733
2397
7738
546
9158
5581
3206
730
177
2160
8663
9633
486
2979
9078
2025
1457
7183
857
4282
959
9711
1707
9053
4240
5305
1109
9109
3761
2417
943
1827
3379
1336
3256
4906
1063
5142
4880
1685
459
5370
84
8154
8528
4569
3697
1725
1755
9861
1641
5660
6276
5373
5107
337
2450
3145
5845
6578
3619
3184
1640
1184
5790
9080
2452
6271
8102
2714
5507
769
2699
3340
872
8439
998
67
7015
8575
6722
3163
3303
1918
5409
5102
7887
4208
6706
7565
3654
9157
6646
1669
5853
6808
6615
5705
5254
6584
2523
2110
9126
3654
611
4408
9948
4289
3656
5562
8573
6879
208
4889
9515
2374
2443
8732
3706
6612
6368
5578
145
6112
3263
6698
5238
2004
2183
8492
8940
6663
680
5496
3793
1106
3790
9687
5215
4344
4030
7469
6254
6052
1059
5805
1390
3800
7276
8344
6664
2117
2863
648
2193
6779
201
9739
7330
67
6852
5887
873
5564
2158
8824
9061
8183
903
8300
6368
5411
243
819
7657
8352
5553
5206
5090
8260
9609
9161
635
1064
6517
1128
7306
6496
1227
3675
5876
8879
9670
6255
902
9989
4619
8327
7785
2567
5905
9590
178
2899
9726
2960
4527
5484
9653
8078
2170
8411
820
2704
5115
2226
1525
1162
9044
7014
154
2926
2129
5364
7350
5035
6020
2746
8122
7222
5313
7452
3929
6223
7420
2470
9610
1381
3017
4107
8141
702
5073
8330
2247
5597
6820
818
1670
8874
9629
6006
3483
8012
5463
5350
5518
1605
638
6151
8283
6036
692
2892
6350
1257
2047
1208
4067
1174
6190
4293
9331
7796
2118
9987
1109
2487
9668
5790
2874
2081
3554
2246
3810
4870
9581
1006
6609
3192
7576
5129
3493
5477
4947
1042
633
7227
1263
9106
7181
890
1064
2718
2237
6595
9491
4626
1127
2268
3405
984
5778
9379
9813
5277
4910
8774
6412
7795
8726
8698
7976
2062
2820
6316
487
9862
1030
6080
5528
751
8384
2995
1958
6142
8224
1610
611
9839
6483
8512
6889
1722
3123
5835
3988
7559
1904
3755
6379
4784
1116
9979
6112
546
8875
1233
1312
8525
4606
3295
8503
4214
9256
7367
1271
1441
9697
3372
4130
4764
1171
6288
3221
7233
8832
1882
1319
6581
2117
4637
3789
6781
4773
335
2858
2649
8369
1208
4299
4298
5473
1941
4550
8327
9917
5381
1344
3008
1417
4678
6434
7953
9907
3193
3382
1676
4617
8795
5486
3840
3177
9058
2914
7616
3103
5257
6808
4755
7704
482
8589
7403
3171
3340
3325
9763
7909
7608
9175
2121
9227
3371
7492
8512
834
8823
1887
6667
1869
7861
2391
1563
5272
3325
3417
6386
3449
6210
1122
2979
9885
2483
1121
3847
5630
4794
7660
2931
3448
4744
113
1983
3161
4549
2760
4221
7497
3146
8940
1669
6680
9292
7967
3332
721
5819
1075
9927
115
2240
7093
323
9711
931
1043
3802
5385
4869
1648
5822
4319
41
3960
8549
6896
4596
5558
5237
8096
3149
7055
4599
4168
4065
6345
788
7439
3392
4187
5771
897
7472
9575
9000
2484
5199
3139
7532
6927
1018
7277
8436
185
6370
5588
9822
2611
1591
1992
639
8677
2401
6419
8134
7607
8004
1987
9758
2916
6513
5250
3660
8206
7811
6798
5345
7996
5807
3100
5277
125
6213
2573
4115
7462
7287
9338
2110
3462
4506
7877
4709
5622
313
1842
7
6667
4082
4591
2123
867
9304
5156
7331
9787
4820
6386
1510
6597
3457
7946
7181
8959
5880
1971
3541
3984
3535
1049
202
3403
7434
5011
2846
5154
597
150
4763
5309
2072
6212
9196
4399
240
8949
9574
7617
1572
2162
406
549
990
9183
3779
4087
5669
9869
9081
2157
9865
6990
6699
1248
7362
71
4002
6008
5392
114
587
1231
4341
1430
416
4271
9520
7488
1697
852
6009
2889
9164
6113
7420
6704
9851
1228
4209
1407
3893
2024
7599
7774
2657
7226
8978
6380
2933
5168
4810
4469
493
5730
7419
1842
1929
127
1697
630
5060
1245
5325
5988
6703
8760
4822
9288
2891
3252
2089
3952
2445
260
6392
8454
5843
2167
6026
3397
7055
1182
1422
1727
7666
5511
1384
4123
6119
5256
6986
2263
4940
451
247
3568
6931
646
1235
9020
687
9063
1609
5636
6916
3616
6218
7159
8347
3989
31
2325
2589
9567
4439
8925
5222
4046
5349
9489
7441
3825
5178
7763
5665
240
2811
4950
2135
873
3394
9647
4465
6842
9152
8625
4844
3426
4942
7589
4161
2712
3926
71
8492
5038
4094
8681
355
5741
4313
2965
1961
6970
4508
1733
1977
6293
3042
6076
4965
4786
3524
6074
9739
3738
4733
820
9976
5949
7112
2485
9227
1068
898
7750
5490
1338
3670
7095
2377
9574
6260
8455
3670
7722
5283
2473
7888
2499
274
4239
4928
3224
1733
1752
2809
6236
6280
989
5926
837
642
6572
823
2519
2921
8251
791
4803
2454
2439
3153
1009
7523
5324
318
6984
6845
569
1443
915
6255
3417
6134
8489
6797
9867
8269
6083
5222
6097
58
4600
5273
952
9289
1507
731
7370
5733
1345
2325
5250
572
6211
6011
7922
4896
7362
5476
7854
4906
4796
9090
2879
3098
4001
3783
6
204
814
3800
8034
2159
8767
4207
5200
1016
2901
9575
235
6700
4728
1335
6800
5192
3420
8422
2019
463
4795
56
8688
987
1533
8654
9816
6496
2518
5875
8760
8484
3463
5125
5303
7238
4845
5165
1280
2704
429
305
1822
9873
8974
4167
5611
891
8472
8087
9907
1767
2861
7563
1430
4203
5954
2728
5483
5444
7864
2336
5037
2646
7070
5621
696
6034
818
4516
4730
5680
8542
1052
1102
6265
5097
8919
6385
2680
2599
1469
6468
5023
5473
1382
2144
6693
3278
1261
7843
9849
347
9958
1356
9686
9348
4479
7157
2225
7284
9915
5264
1715
8359
2942
9868
1915
599
8976
9727
2540
282
2134
690
1645
5801
7948
1853
7853
3331
2286
6175
268
9080
5130
6517
3719
4083
9267
5169
2890
7027
5178
8084
7371
1457
8345
5220
3141
559
7480
987
7595
6611
1540
8050
2312
7343
7123
8956
9532
8392
879
3356
858
9139
1109
5690
9167
6043
9488
563
7766
937
505
1573
4861
5121
3289
1979
354
5707
3742
6725
3853
3800
4900
3204
3715
8900
9831
305
7257
5424
8378
4922
2700
9689
8123
4208
8004
6006
2592
2411
4956
7418
7464
1594
41
7789
1304
5734
7067
5197
3813
877
6569
7714
182
4511
7065
7381
976
6231
645
5513
1906
5164
3529
3999
3634
5420
3349
4999
4246
6838
6587
4507
6387
4738
7413
7207
4204
925
3960
9639
1276
5176
4021
5655
2780
9503
9637
3730
6580
1529
2387
4789
415
1135
3012
3541
670
3312
5153
7112
3275
782
3218
9108
90
9200
3129
9395
4411
1029
9801
6153
3846
721
8415
836
98
3772
4702
1122
1923
4669
5668
592
1623
6609
2479
9959
1189
2916
7100
4832
1155
1789
8036
7002
2069
7219
4980
2295
4704
4861
3046
2004
3390
5640
5412
6685
1235
5830
5798
9818
6777
560
8893
519
6358
7659
206
2520
5689
4801
6009
2784
3109
8650
1427
3270
9953
5287
4413
7113
7103
8756
4702
4415
2866
7771
1637
8110
5330
4599
507
3470
6428
4202
507
3458
7056
4456
5025
1022
1780
5874
6101
136
9328
818
6524
8297
8931
8543
7841
3651
4450
8688
587
4009
6032
1335
9112
8625
783
7843
4381
6554
3111
1617
6340
570
3635
1148
6153
6500
1597
8187
3602
1619
6070
7702
2339
3759
3006
9789
2319
4768
7428
8662
4646
9035
1021
4346
9443
6184
2851
5601
1361
9250
515
7464
39
4937
4357
9293
1107
8281
6958
2962
5976
9864
4912
8331
9312
1329
1697
8218
551
5859
7613
8580
8949
2863
6386
4010
9492
9124
908
1514
4940
9712
3842
5968
7631
6839
4447
3211
5169
2082
1901
636
5075
6475
5098
2276
7707
3628
6499
1747
1678
1834
581
1904
8520
7019
7789
6369
5891
1016
4842
5173
6054
7306
6635
6467
6068
7763
2626
3543
1652
9381
7831
5565
6102
2628
8948
9215
8301
696
6145
6950
2698
7416
8518
9590
7150
2698
4534
89
7279
8548
8905
6119
6125
5592
2969
1750
559
9053
9464
7020
8343
7039
3873
7520
580
6680
562
9540
2944
8397
2390
925
1217
7920
4367
2149
2865
9171
6248
5930
6092
4520
3080
3901
3236
1845
3889
8705
9251
6000
25
8862
5050
5964
5177
882
6074
9991
7233
9591
3350
2190
7226
6308
8179
2378
8395
2154
6587
409
7975
4670
2899
488
1675
2561
4089
2516
5681
3795
5924
2925
3766
7641
3419
9347
3951
8791
4293
3748
6165
146
3668
4955
3062
8993
1997
4437
5235
1270
6300
7425
1623
146
3190
6163
8536
1975
418
5603
4962
1216
5485
6769
254
9173
774
8791
7187
1303
5776
948
1701
7151
4336
9573
868
6422
2304
5819
7449
1872
6222
9140
8701
847
989
6204
3211
5486
9244
1542
4293
4379
9044
7732
235
9180
7773
2579
7991
5424
3288
2535
2792
8442
5113
116
4644
5095
9661
9512
4377
9295
6495
3946
124
2644
268
7050
9585
3367
9176
7047
7213
4025
5337
5277
1324
7140
9689
5187
1877
5658
3959
6767
6955
5077
4882
9836
7128
6831
6588
2904
8445
6275
961
239
5694
832
861
9433
6048
2659
7136
2015
2596
8769
6967
2053
2282
3515
1329
4743
3982
2192
6466
7851
8584
3779
8656
4600
4438
1213
8811
2610
1542
4348
606
8452
2481
5634
1334
345
4050
1302
7714
6428
3497
1264
5799
5882
937
5193
6140
2655
6219
8777
6110
9884
2011
478
2171
7324
5660
7393
7785
8737
6415
8435
3074
3869
5795
6648
8026
6642
6537
9242
2544
7799
146
4325
6110
3182
4542
2656
3528
8998
7244
6
1434
4031
9962
7575
9385
8784
7669
922
8897
4426
1819
1580
2109
4640
6964
80
550
2505
2330
1623
8636
5421
3588
8696
5994
7305
9538
7235
7712
6008
8063
8285
78
4413
7578
6163
7422
7738
7996
3351
9719
3436
2840
2854
8110
1034
759
6082
2009
5451
8105
400
6117
623
753
40
3061
5994
7553
3316
857
2782
4405
2229
765
4481
1126
7702
6920
7955
2441
6957
8687
3455
3917
5497
5060
4590
6888
7699
8682
5379
8670
430
1152
3996
2167
7992
5236
5975
5991
5992
7139
5493
6218
6966
7392
781
6582
198
1786
599
94
6812
2205
398
27
8309
8718
6370
5264
6260
4723
5124
3688
9210
4479
1280
7784
2477
6893
7966
9414
8089
8153
702
3498
5258
8307
3901
4376
634
2501
874
9109
8393
501
5411
8630
8404
769
19
4807
5317
3147
4853
3022
2608
9728
2292
4271
7731
6674
3956
7693
8162
1693
7486
7528
8729
4831
5052
4806
6295
1442
5182
9930
6119
5340
6202
1646
2852
6588
3312
7689
1201
731
3861
5070
3536
7215
9654
1182
811
2344
9005
8902
6155
7057
238
4170
5353
5232
5270
5443
5471
9176
5953
6886
7654
2757
9558
8636
4612
8618
617
4061
3612
5584
6972
9655
110
3279
1968
5815
5559
4203
9155
2685
5480
6500
1785
5353
6040
188
2400
7785
3986
719
2397
3071
9797
713
4506
2766
1427
4562
8271
349
5350
7891
9915
9329
1867
1100
4529
4559
7050
6790
8677
7961
9218
6071
6753
1710
9714
6204
4529
7083
639
3495
7686
5715
9204
8490
5207
9412
3365
6946
373
7289
8587
4797
8804
2899
3712
2174
2901
9657
2731
9066
2541
3441
9636
1229
8124
6187
8302
4605
3980
5008
7707
3424
4407
1080
7755
6899
1997
3526
5361
6221
1670
3591
9479
3196
7674
5345
5883
5384
667
801
8248
4155
7863
3176
1684
5505
2587
6766
7961
2365
8307
9452
8757
7432
7488
4267
351
8130
6833
5358
5533
1105
4033
7678
7895
2616
5296
5778
4928
1024
9549
4827
1805
9467
1604
1814
5324
4945
1252
6716
5670
1070
4583
4495
7177
97
5885
2964
8956
7398
9137
8373
75
1308
9322
9049
1550
1237
4435
4483
3778
1915
9962
1619
1016
5634
1965
6104
4684
1985
7611
3933
6515
3686
6847
4977
9026
2264
9664
6479
6561
9207
3533
3351
5263
4195
1197
9652
6589
5813
9599
1973
8250
9673
1230
934
7608
7629
3644
1537
1495
5176
2307
906
3631
6211
7367
1254
9072
7622
7889
6364
2482
6291
8686
1449
2384
4391
7198
4931
9659
104
9875
6790
1722
7936
5191
9154
8631
3624
6403
1857
2232
3824
9938
5852
3937
6668
8754
6570
2172
7619
6007
7856
309
3277
1947
9824
744
7274
5710
483
6378
1138
9413
6908
6234
6865
7154
8140
900
6191
428
4809
5674
8193
4692
1996
9542
5677
6297
3296
9781
5933
2928
4753
5262
2584
3035
99
6722
4021
3412
8174
2383
9063
5941
1069
8561
4023
4467
7290
1990
9045
1481
2397
6661
460
3641
2349
8061
396
9730
5433
8324
9394
4075
7
5340
5223
2115
3202
5844
9406
463
7242
1672
7264
9151
8562
5298
2676
2194
5303
6452
4908
9586
7403
1841
7890
4521
8500
3547
623
1910
1987
4380
9927
2703
5949
5443
1552
7712
1824
8152
5494
6500
2202
9959
5881
4849
6960
8147
4567
7540
4485
310
2619
4452
3759
8885
3790
6268
1452
707
620
6449
367
5730
1135
2242
8038
7150
5321
3555
5821
8359
7509
3846
8047
5700
6397
9471
8172
3415
9736
6958
7191
2716
993
8288
2585
9308
2479
4863
3427
937
2505
7220
5097
2963
5696
358
5298
4280
7938
6085
8609
1949
9472
5071
4985
5782
8535
5040
9618
7180
8537
1510
8181
4258
867
6813
2679
5069
4521
6698
2377
9773
3657
3911
5514
4108
5055
4372
1771
6511
5972
1597
1868
5551
7801
2950
9846
9635
1101
7455
8513
9201
735
1775
6003
7961
5900
4414
8814
776
9464
81
479
6400
4061
4190
9750
2677
3078
9208
23
4802
795
4114
2119
1155
347
7185
5591
1955
4530
2772
2062
1437
4283
860
4860
2513
1716
3096
2627
8009
508
9157
4482
148
7335
3954
560
8053
7092
2446
8984
9439
8504
3500
877
4899
3035
6353
9201
9882
4355
7829
1093
4478
3839
9892
4882
5071
3211
5722
3998
6693
6794
2000
75
8248
6585
342
6870
7638
5508
714
9295
2419
5851
8676
3360
8847
8858
8023
5697
7018
3909
212
9528
3606
8076
6947
1135
7869
4898
2168
2157
4461
3405
7657
2290
4219
3120
3510
2375
8974
4514
6531
4556
6570
4523
4215
8583
4077
1830
1580
8338
704
6308
6782
1282
1595
957
1840
8212
1170
6121
8103
6173
9692
7892
9194
1253
9439
4324
7399
4693
1413
5147
9914
3457
1990
6963
1402
2536
2990
2640
9786
6645
9447
4093
4676
6315
4006
228
1585
162
4704
101
4120
6759
362
789
5589
43
7278
6750
7799
1887
9420
6113
5804
1845
7333
5006
1585
1396
9465
8780
7998
1999
1411
3671
3936
9103
3118
8392
6602
7767
7447
2847
3664
123
4353
2065
5037
5861
874
1965
8520
6552
3227
6440
3399
3054
6561
9112
8553
6400
7601
6830
9356
9560
1307
2845
8748
3577
2578
2468
5036
1880
5390
9445
6778
1845
5735
4561
7
4909
4987
7179
5972
7247
354
8483
6400
1441
7711
1979
8653
6931
7114
2190
4512
2322
2173
2294
2228
4590
9688
6325
830
4213
3326
1293
2349
8781
9867
8868
6610
2468
8261
9675
2065
656
6522
5480
4518
6207
8212
5688
9712
2123
960
5241
4935
1845
2795
5331
1949
2605
9376
1736
1939
2764
9606
9150
315
1976
5962
1644
8517
1663
6448
6720
3281
991
655
2367
1924
5134
5224
4770
2495
1480
3758
5987
6667
4816
2836
6697
704
7232
7467
7550
7608
1931
9217
2627
3647
7125
6890
533
7445
6068
3105
4379
7899
7440
4688
9338
908
5529
4471
2402
3690
6181
4598
2522
906
7142
7326
7546
2234
4672
9259
1780
3189
6242
9374
9605
4313
8360
9287
1889
3050
3880
4297
8104
9096
7436
4481
4701
9731
1958
8769
8993
8369
4706
956
4011
3584
3283
1482
1767
2362
4217
1855
4303
5552
4881
8966
5472
2653
5646
9247
7113
3661
803
4205
8017
7879
7340
4545
2119
3700
9669
5334
5031
7226
8746
667
9155
8434
5230
7605
5270
4147
3616
8562
2938
9206
9526
2941
4865
6854
4790
9701
107
5679
8393
5144
9902
4258
1896
1939
1891
9098
7066
4800
5817
4167
4938
1700
819
7957
197
2604
6811
3906
3493
6039
7318
5544
2666
1358
7751
7671
6904
5529
9917
7700
9787
5480
5539
4318
488
1323
1848
6775
2084
2889
6775
2378
4485
3342
3289
9380
6258
7705
406
8499
1819
3033
898
8755
6463
955
7685
7865
7947
580
6312
3137
47
3492
5464
7077
4957
9617
5071
7535
4203
3476
5750
8789
9266
7016
4691
9966
2178
7086
9981
5393
1111
6970
950
2837
8892
4445
4522
6689
9085
1679
3284
9758
1539
9749
3794
4093
8458
3089
9668
2240
1545
2799
632
1350
4535
5512
6426
3581
242
9894
2598
8088
104
9420
2743
1728
6339
2420
9555
9037
1452
78
944
1658
7343
7317
5864
9435
4363
8454
406
3092
5027
7800
6275
4327
225
7286
9707
887
5872
8677
4989
8939
2214
8753
4372
9229
8946
1407
7870
1768
9383
1443
6957
9794
6818
7573
29
9528
7273
6659
7199
2445
5398
8015
4817
2120
7278
8012
9243
6999
1816
8435
9119
4526
3523
4803
5081
3550
7241
5925
8903
8438
1826
3695
3953
9904
5769
2107
3401
4857
5235
730
3043
5233
7499
6633
2364
8462
2060
6618
7843
5337
5743
9343
507
4938
1257
2131
2525
5161
4681
955
5664
7669
2596
9359
4593
4530
8808
1210
6432
5024
7673
9544
2876
1821
5137
3875
342
2710
4214
1387
3006
8193
6724
5326
3436
1540
7840
7728
8945
6721
8117
7183
9102
4091
6797
9416
8945
2999
9591
2358
7839
6199
5239
7294
1210
1855
3532
7233
3050
7250
8855
5968
1127
9200
6914
1819
5869
8281
1123
920
619
5076
8390
35
7890
3599
5947
7598
8036
1843
2936
4807
8213
9784
386
2305
1307
7813
417
5763
3746
3269
4013
3328
7323
8826
6901
7962
6336
2533
8928
874
3711
6846
6049
9003
5551
3960
5699
6690
6501
2937
9501
7917
829
592
1651
8771
5894
6583
5240
9706
7396
4038
2354
4718
2345
1391
1822
396
8433
8287
9517
225
753
8962
8315
2205
5486
5142
5015
2768
9973
8802
9928
2067
3482
144
9569
4355
8149
2494
7998
6143
8041
1313
7768
4793
7518
8770
5975
4340
3740
8950
2479
8119
5512
6484
4124
4218
9010
5096
8431
7256
13
704
6305
2742
5993
6171
3475
6696
9283
8611
6273
4671
1324
7976
3211
6831
1281
1199
7313
4207
7079
351
9526
7837
7040
5989
2563
777
4505
3900
8181
6719
9959
8348
2960
3383
9748
5672
9908
3833
555
6098
9244
5246
5070
1153
8669
6300
1951
9174
2623
3006
4064
3649
2865
2228
11
2153
9960
3708
8989
3486
4127
1670
8288
2348
2277
7957
6190
776
8846
3163
2298
1508
4555
4570
2196
2974
6711
9812
2813
3774
8510
4781
7213
1037
7531
5857
8972
9701
8245
6347
6408
2874
8440
8153
5066
4019
5908
4171
6862
6159
1031
1118
2035
7440
1714
6483
369
3083
5806
2208
8017
3371
9804
17
6317
1727
6295
3992
8231
1620
1952
6569
1623
8781
8869
7494
5375
6869
402
3047
9663
64
4880
8610
3124
6214
7196
4165
4253
2199
790
8663
1584
6622
361
4480
824
2009
9220
3991
731
8216
827
8576
9914
6993
6795
321
9414
6463
4768
7986
8134
8056
8793
763
5643
1748
5593
7597
3801
2240
3736
8012
4905
9188
1362
6400
6114
7661
7244
780
4234
2492
5982
199
5890
5275
6726
4061
9014
4416
9411
4687
7164
7191
9083
1213
4621
5680
6165
7989
694
2113
8859
8148
614
7842
4647
3333
2219
1617
3826
8137
9580
9686
6348
4765
6289
2957
9401
4167
3595
7242
1287
6090
4922
8513
57
698
6066
9660
8686
1039
2961
3210
5535
3089
9809
6637
288
1012
3890
1759
5839
4691
7858
2584
6559
9379
8522
6126
4776
9938
3447
5533
373
236
6389
847
3028
3126
7630
8752
4279
2982
188
2278
5344
7197
6183
8929
3950
4327
5358
8434
2447
9931
8734
9849
6370
251
4902
4170
4686
6426
2458
676
2417
2507
5575
7076
7530
9533
3402
8538
7495
8720
7562
9003
2441
8363
318
3484
9916
5076
1542
2143
8296
62
2538
3700
140
8029
8324
6810
8267
7838
9063
9122
9654
9668
1789
7563
7190
4494
9673
9715
6121
7779
1035
5732
7924
8302
1232
7838
6845
1862
9622
1554
6719
5181
5854
779
7054
4851
9451
2579
6291
8196
8152
8458
8468
1141
2126
6781
4528
5723
9603
1252
8595
2365
4225
4995
7291
7605
8333
3213
4270
1035
254
6432
261
8226
912
47
1362
2429
4130
7924
5358
4130
8927
6417
2464
3303
7986
4888
562
1825
6536
1519
1714
3806
599
491
1848
8511
2974
4074
1564
4005
3550
9312
7445
8980
2566
7553
4186
6174
2540
1440
4849
5668
8061
9703
9567
3763
8367
475
1240
6329
1761
1571
496
5689
7536
1088
592
8638
7190
8685
3375
6140
3719
6074
5175
2377
5663
3656
3
9062
6622
5848
5787
738
7617
7255
6280
7242
3389
1398
6882
9382
4395
1939
8573
557
8448
8302
7718
1839
7517
9041
4052
1952
4189
3643
3056
8827
1529
2079
8457
1301
2304
9072
5747
2853
8351
1706
527
4113
4822
8083
7503
8157
9208
4383
5978
6238
1623
8046
2491
9188
4309
9656
5369
3817
3589
1581
9730
6897
8459
363
9312
3809
7548
6452
6995
7684
1309
9887
5968
3371
6450
4287
1752
5408
2793
8548
7149
1188
2726
139
7719
6772
4066
8500
7253
2402
257
8000
6038
3867
4694
7770
6409
4809
3921
1204
1603
2095
3334
6496
8290
9243
5478
2717
792
3484
4269
733
9849
3296
4904
9891
8324
2943
8085
1715
612
4189
5687
610
5186
5814
4676
9982
2345
7719
3185
6233
7681
5826
1518
6809
1496
3860
2944
8592
3227
645
301
404
6360
6870
2760
8139
7383
8286
7008
1697
1279
1898
3611
7605
3032
6024
3667
7314
8167
4747
9015
5383
5183
434
8931
9985
5465
5924
4579
1994
6464
7927
1083
8573
1012
6082
6252
9736
6796
4421
3469
7325
8483
6335
3442
1921
7162
1801
8348
8933
5799
6614
9582
7233
7897
2552
4994
1596
5418
2381
4003
546
2959
5433
3464
3350
4065
2260
5662
5946
7172
4062
232
8168
1547
8332
9179
5337
4121
2869
4932
6151
2303
5204
2249
19
6234
6906
3413
7845
1343
717
3045
6019
8935
1876
6262
6104
701
4442
4585
2117
5742
3138
7880
7789
9614
4521
4067
4476
5740
3842
1319
7562
3955
9511
7492
1658
3394
9409
4678
656
3074
4976
9125
4573
9781
4736
4979
3167
2342
3745
930
2271
6219
5807
9451
415
2267
8342
5819
645
1738
6373
4577
3347
3170
5281
5503
2656
8333
4773
5792
6141
6817
7146
342
2785
9518
4324
1505
2566
1591
5124
7185
3522
2333
2951
7425
8144
3349
1094
6481
8344
56
9810
5399
1056
592
5684
8692
4210
9460
9785
4160
2920
2512
776
5177
7908
5621
4436
8459
8913
9644
7273
1115
2411
8868
3695
7019
1140
7460
2390
2907
1211
2443
4757
1859
3341
3275
7313
4401
9893
2740
6992
3353
9160
4558
5222
5802
6805
1444
9124
7260
171
2589
6879
5825
6713
8715
7472
3848
6491
9097
563
9594
7349
445
2558
7281
4973
5742
1833
4782
4910
8116
8698
7841
9390
564
4618
8026
713
7067
1213
3631
3878
6977
7048
8262
6348
9666
8685
2211
1583
7041
2577
1706
8013
8731
7840
5852
8139
4511
1613
1883
8991
5724
4141
5660
6016
2339
9422
587
9867
8634
421
3748
113
9718
2896
2594
1133
6205
8421
187
8707
1273
9626
7848
3378
8444
3208
846
8608
5573
4328
1613
1176
9538
2009
443
815
4962
2396
3740
7314
6335
8011
7665
5731
329
753
1276
1014
5299
5387
5391
8721
8942
8633
3862
8505
5398
2198
4288
369
1605
4650
7789
3158
3859
105
8359
877
1264
469
3556
1199
6808
6044
3285
8298
3285
5418
1579
2346
586
5666
3188
4
4367
7731
4799
8883
7534
7745
1560
7321
39
81
4962
4701
1574
1695
4083
2765
7973
9583
2723
8371
992
7503
679
5847
9667
1046
514
3980
7582
3318
1990
3734
8932
8698
450
7932
3574
2806
5866
4136
7711
9680
183
9906
4793
4689
4835
8365
8048
9952
2401
1246
1723
6816
5768
8151
5626
5781
6195
2696
7241
8586
6676
7204
8848
7728
9637
7511
4413
7221
7765
9744
2754
3405
7125
9910
5990
3588
9384
7143
89
478
1280
2775
452
9381
8307
2011
1614
3987
4171
1694
2969
5330
6438
4947
7589
9242
5970
2524
654
3114
539
509
874
5314
6572
8239
5819
2609
6461
7045
3960
7597
7260
9532
2745
1398
9463
2406
6375
9622
3104
1321
7902
6150
7359
5375
6366
7085
1554
3801
4375
7282
9266
6236
3838
1969
3411
4174
4425
2684
2656
3541
6169
4703
3933
5523
5703
4625
9501
2369
9184
2994
740
8081
3416
4076
7841
9414
3303
282
4559
4698
8520
2244
79
587
6494
3357
7637
4323
2439
9812
7049
1609
587
8480
235
6677
6449
7565
3444
4790
1099
2931
7992
9814
6885
4467
4830
1799
6918
2545
487
825
644
188
5920
3574
8792
779
8180
9065
3426
9637
8609
4285
6199
2760
190
5048
2736
9450
6733
1362
1202
7392
2443
3049
2237
1303
8364
5642
8299
1147
8851
7529
1959
6495
5560
2601
2899
2710
3945
1101
9501
9003
2172
9456
7395
2693
884
1071
9529
9940
8943
7874
8473
959
4516
2541
3270
5264
696
2583
4439
5407
850
7599
8565
6836
5132
2109
259
4096
2025
1443
8309
8879
6908
5746
5285
528
3075
3037
8308
8257
9580
3431
1828
2513
2406
3069
6290
4244
8715
1996
2211
5625
3126
2634
6035
3407
4109
4642
9385
348
5498
6865
6231
8094
8294
949
4152
7426
3469
8372
4734
7784
5441
8573
3062
7837
9821
2687
7886
3695
2426
1221
1405
1915
8589
471
9857
9458
232
4971
1484
966
977
8862
1601
2291
9167
9954
8377
4873
3692
1413
2634
4181
9557
784
9464
8866
9321
8260
8127
2259
6188
5250
2613
7442
8336
4775
983
1799
4465
2230
982
4013
1295
3159
8823
537
5118
9535
473
3314
975
6508
1092
3253
745
4756
23
4296
515
245
7494
7831
5987
3924
6346
1060
3846
473
2201
4125
3196
7271
8775
4725
8518
5244
6725
4179
1263
3658
7574
1898
1004
9419
9617
8033
8015
5470
3263
8439
6950
4859
7929
7549
6960
5169
3603
9543
9994
6630
1729
8506
9760
59
4830
1517
3938
3655
3215
5978
8041
5120
6188
2642
468
3219
5387
1215
5293
5661
8834
5739
4328
7599
5310
4897
5860
6123
5914
6035
7287
3571
8854
2896
7165
1516
1690
6590
2493
7543
8733
8881
9930
6039
9409
5291
1547
4742
9900
1022
8004
347
6655
850
1897
3148
129
7939
7507
9696
8238
978
7465
5218
5618
8949
641
5381
3146
5704
2724
8738
9118
113
4319
8641
3914
8776
1760
5354
702
1817
3597
9026
6134
5944
3625
338
3202
4066
2353
3936
6756
6283
7692
2223
5492
2149
8936
6982
6984
6112
5625
7546
5218
9203
6145
133
5419
9270
64
4870
4658
1520
9011
5305
1395
7564
6236
9863
1195
9855
3310
7429
5066
2245
2908
1636
3474
8422
8306
1601
3302
6094
3048
5533
5109
1865
4548
947
336
1445
8434
7802
9087
8162
194
6295
2175
277
697
3884
9079
5427
7331
8018
3555
563
8870
5963
90
5369
3051
1594
2063
9653
3791
1572
7487
7933
1325
2034
9578
3584
5977
6208
3573
6007
8256
6336
1375
3663
2917
4700
8805
4304
856
3082
7729
9278
5921
4329
5765
1312
8759
1969
6386
9527
1548
2269
1248
2677
3169
1024
9171
4474
728
4636
5185
6987
9471
2485
9888
3081
8994
8269
350
2598
2949
6329
4210
698
7833
766
9894
8247
7716
8738
3167
5964
5761
5461
9457
5680
3193
6120
4481
1210
456
6596
9697
6692
8638
962
4630
1155
3000
2404
7363
1342
9900
6021
2688
5711
5244
2796
9334
3730
8167
4141
2078
569
1253
1230
6266
2911
695
4942
9938
2368
6814
5576
2002
3555
2540
1025
8566
7204
83
1192
6829
6381
3189
1429
1812
3187
4975
8927
9736
6936
5428
3266
4463
6809
3011
9507
1638
8825
4830
8127
9592
156
4934
6128
5990
5229
6668
2626
8196
7447
668
6366
871
2311
9396
7121
5603
1425
1409
6233
9531
5139
3999
4476
1762
546
4865
7662
559
867
938
8054
116
1076
4417
6574
2783
8506
3300
2887
4185
2708
9478
4832
2627
8181
9831
64
4328
3861
168
9352
5749
9175
1504
7466
572
1368
8565
317
3150
7907
8684
1398
9304
7829
5466
3015
1750
4202
4441
3189
9699
2438
5943
6976
4871
288
1490
3791
7720
1695
8287
603
4186
6652
909
1084
6900
3180
5959
5890
3768
3167
6199
6101
5575
5015
1376
2606
174
9718
6058
8910
4457
5815
7106
2257
8277
5261
6201
2450
4455
7720
1302
9856
2145
6135
8516
5861
7056
6935
7788
5959
8948
1269
4924
8592
1447
4728
7687
9507
1526
4454
1199
7781
6943
7516
7058
8971
3130
1361
6586
6372
7269
6888
7845
9670
3945
70
6064
1851
5359
2742
8060
5643
44
3501
1384
5970
3947
3312
3291
8919
6103
5620
3858
6466
8736
7057
8685
2304
2901
5225
6660
1085
360
6605
9346
5425
6153
2120
9504
1867
6942
7686
9122
324
3678
2557
4230
9151
7005
3283
2626
5643
2480
4722
6858
6588
9297
6073
6404
9938
8962
3423
8569
6278
2133
8297
4118
4779
1665
8631
2835
8815
8014
572
9524
3902
23
3047
9916
5539
8173
6374
6410
4153
8207
4385
5486
4436
1388
2240
3989
537
3695
5861
6984
4264
9729
1948
1307
4421
7674
3820
2629
8624
2452
2542
7214
9466
628
2275
380
2323
60
3182
730
7097
7996
2234
3199
8412
8031
9400
9069
2864
4568
2511
862
7764
4727
524
5248
989
1313
1785
39
3571
6824
89
261
1180
7759
5473
4062
4885
341
1040
5734
9173
5733
8538
7181
9349
3274
5237
5443
4325
1179
8622
8943
9720
4068
6874
858
2791
1563
8046
7086
6178
8250
371
8974
5157
6829
2929
5011
3083
3534
406
1602
9
5462
3180
2557
6284
6658
8300
7252
8222
3484
89
4909
3175
1564
5731
1993
2789
5288
7262
3345
2866
6585
3237
6899
2768
3086
2525
61
2689
1102
8468
64
7649
1414
3993
3226
8370
3707
3909
981
5745
3630
6271
7036
8472
2509
470
9695
8201
6139
8027
2287
3431
8394
3692
6241
3074
4171
7121
5890
9085
3772
3336
4380
9276
1507
7619
6734
4137
1618
749
9639
6088
8394
3560
2331
655
4723
1737
3349
54
2600
2541
584
7213
5157
5185
8453
4031
2447
6761
7670
9625
6122
2630
4286
814
2202
5685
6854
6928
6301
8830
1381
2795
2360
9780
1340
299
681
9641
9488
4232
6264
7429
3744
5249
8771
6013
6945
9361
4035
790
9303
4947
4094
3335
4775
8197
7916
3491
1326
1561
9833
2657
130
2464
7556
3811
64
7424
8402
3413
3788
7572
1175
6932
3192
1963
8715
4024
5595
9124
4972
3055
7424
3397
8565
9087
8460
4804
4667
4894
588
2748
6308
828
9095
7329
2066
6127
3681
9882
3326
5848
551
8372
8261
6556
6783
4261
6250
9138
8450
4962
3176
2514
768
5433
3291
785
7628
4250
3248
8227
2954
882
8412
4954
4685
2523
3599
298
6757
1928
4423
300
1768
8246
926
7116
6834
9895
6484
281
8706
2640
9472
6426
1463
5145
6971
2794
1414
7508
121
2005
9001
7235
2043
7194
3970
168
1720
1144
3095
4820
8135
5648
7871
3724
4070
370
6250
6399
6951
4591
395
7311
4510
4794
6378
7694
2387
7083
1221
7009
5306
1840
886
3926
7369
9764
7436
1869
6026
5273
9925
5574
8391
7955
7587
7995
3012
8170
963
8668
5251
7897
9942
5272
4241
5916
3550
2095
5278
8294
7316
2367
1710
7346
5864
3155
9387
2762
6785
3710
8042
4387
4823
891
907
7131
8941
1226
6407
4973
5418
539
758
3863
2016
9369
8602
409
1872
6464
4181
6086
8689
5983
3778
8492
3543
7484
4548
5910
5085
6631
8189
1478
1617
7363
4609
4009
9538
8691
8202
9430
984
7624
15
242
3707
4610
6987
8864
3703
7334
3975
7649
6693
4237
7620
2513
19
1733
9226
6542
8652
8985
7346
948
1317
4871
953
395
2012
3278
5439
4080
2743
716
3882
6734
5307
1889
1760
67
4327
5745
7107
4093
6419
2133
1860
5695
7520
83
2988
2749
3241
6040
2935
5570
5091
344
6614
9730
7692
3155
6829
787
9059
7815
9165
6868
3677
4243
1274
4410
4478
4599
537
3464
7568
8732
833
2411
633
8703
6469
4336
9273
2453
6813
309
958
6243
9538
9509
8529
8534
3544
7833
5052
6717
5698
7916
7891
5112
2206
9764
4430
6436
8507
2792
3210
3970
4492
9064
7972
2548
5276
7901
6098
9363
4360
5164
5877
5261
9846
637
5559
5989
2374
4542
2241
4114
2228
869
1495
4873
6161
9597
5808
1245
3619
8536
2897
8408
6009
2525
7633
156
6275
9514
879
6040
6262
387
8939
2047
534
9443
4359
3965
3862
1983
1374
8650
7628
8371
8620
6445
2697
5150
7730
5214
1361
7759
2780
71
7722
6951
9806
2097
9994
3972
5503
8334
514
6536
3061
7862
989
2290
3883
552
4934
3117
3680
7582
5072
2897
367
9394
3307
5242
4027
582
3112
9538
2474
6797
9326
2666
121
65
9007
1967
7340
4660
4636
9154
6162
9339
4422
7064
9836
8847
5013
4117
4870
3580
311
3329
5710
3427
6415
1482
2519
4992
9916
2817
6140
3357
1367
6628
9600
2987
1477
9994
6110
8818
1153
4231
9608
1122
6578
9642
5963
8477
6746
7167
1163
643
418
1532
9233
2445
591
9934
9000
163
7250
8363
2817
176
8151
747
5811
8470
3500
3939
2638
2511
6707
907
7144
3411
4119
3872
605
8069
4222
7420
5214
1071
3380
2993
2958
8900
344
5293
4729
32
4759
621
2465
1080
7255
4506
6178
984
2454
9053
3013
7769
1783
6769
954
949
6132
4055
4738
4897
489
7455
636
4177
3071
6802
8149
117
8016
6383
9929
8553
9282
3014
7661
310
4992
4986
9658
7707
2088
7165
6454
9557
2505
1034
4733
4104
513
5527
4127
5030
8658
7732
3196
2607
3700
8868
5487
505
3180
9687
302
8251
5207
4470
2556
7964
9175
765
7453
7234
3607
5461
3884
5145
5254
8645
2884
8701
3245
3637
2009
8893
4033
4819
7920
4772
4196
8917
5909
2251
9549
1179
2883
5694
8776
7978
2716
1286
2202
2108
3299
122
3687
5330
8528
8431
8013
3881
7966
2085
2118
8468
8473
1373
957
932
4338
5081
3268
8379
4350
9786
6251
4941
648
4629
2069
4832
5642
8182
1019
122
7205
2330
4106
9061
2814
7907
9037
8966
7597
1958
2084
9115
6123
308
9990
9330
292
9285
61
4048
8175
1416
3225
4635
8523
6938
7379
738
8531
5308
1146
172
4266
8430
8492
6067
6828
9155
6232
1157
918
1498
2211
8959
8881
8192
5907
9186
1579
2056
5904
5351
333
5345
7915
8516
6637
7779
4193
5247
8703
8960
507
6223
5116
6299
4565
525
4726
572
4846
305
3630
3197
1577
9845
6227
6195
243
6134
8608
9128
4092
1235
6360
73
6055
5417
999
5412
2430
2953
8696
3078
3501
9607
1854
2059
163
8009
7310
6787
480
4193
1500
3054
5350
5196
807
9318
680
2720
2171
6486
8594
6296
4909
2445
9776
668
748
4581
1954
6987
4468
6624
647
3194
498
8034
8072
9466
4145
2695
4440
9389
8707
7483
7816
2259
3087
9561
1173
7222
4217
1077
6626
7377
4338
9290
5333
5917
7876
933
108
7255
3520
8329
541
3692
8197
3556
7802
3524
8653
2254
171
5356
9096
1346
4053
9334
4324
5000
6030
9095
3318
6882
622
1937
418
3398
7321
2497
5060
1876
8484
587
8291
810
1844
855
1987
1769
5184
8850
1187
9194
4176
8694
4882
9484
1915
7146
8938
9367
7379
2162
1469
3882
6565
5840
1949
2256
6901
8416
8209
6097
5620
771
6525
6518
1206
1197
8066
5392
5805
6251
8761
6891
571
6204
2081
639
9413
9713
7161
6624
675
3541
6150
5889
3026
3561
2057
9162
2825
8756
6392
1205
7359
388
4772
932
5226
3026
1107
9074
8295
2400
4426
3937
6143
2464
7864
3079
4567
2195
7649
9135
9513
6735
6498
8920
1315
1329
847
4254
3858
8196
4848
4270
1289
310
7899
481
7901
779
6936
7425
3296
9922
5546
8570
8033
6522
1261
2352
9132
9163
7375
9028
1238
1473
3883
3900
4953
2005
2036
2338
9881
285
5925
4477
9895
8854
6294
2818
3068
679
4925
2414
9278
3851
9414
8374
5424
9558
8381
2267
5153
447
8184
2764
2298
3499
6121
242
4795
2025
1974
544
3784
4586
1002
6041
374
9622
6336
3212
1666
7
5259
8541
4670
6694
1904
2252
5902
1605
1708
8254
2287
4224
2419
5103
5572
5624
523
5865
1565
7520
9177
9692
6252
8775
7578
6797
2425
7643
772
8585
2534
5813
7477
9138
1836
8072
9276
2358
1984
879
3898
8892
4685
4097
8065
1560
1310
7658
4523
6489
6942
854
8169
3815
4533
6082
9
9994
9645
9917
2562
4231
2387
5101
5461
1319
9808
6858
7417
6229
5109
415
1521
1076
5119
3819
6566
5351
3208
5097
6542
7322
9079
6995
2092
1176
9096
7482
9686
3476
8504
6737
9109
4380
1075
7421
3024
6143
1752
8399
9134
1434
8107
1633
6101
924
5905
9605
5554
2561
4484
8900
9774
6844
9609
7294
1388
8934
1099
5587
5852
3502
4946
8635
6087
8341
5318
6757
6111
1994
4081
5541
1850
5906
5244
222
6707
8523
7668
4496
4381
8166
7097
1222
2575
8120
7352
3688
5123
1909
6971
6438
4733
3499
7234
8624
7561
6594
772
6731
527
4485
598
8073
2199
2076
3670
1423
5243
9739
6327
4372
6402
9124
5337
7636
7761
6129
9993
4446
6810
8259
7233
3120
3129
5049
5819
8790
2938
9954
9528
3764
2171
1007
7084
1790
7419
808
7337
590
8932
3840
4930
6679
4712
338
2992
5203
8576
354
3718
7925
9018
4393
1493
822
3433
4677
1600
5029
3049
7518
5283
2214
3636
1391
2048
3113
4856
470
5367
3080
9200
3213
3705
4984
8886
836
7341
8539
5796
9746
3159
901
8189
6901
785
8544
6863
8530
4058
331
5230
1338
2061
3231
6734
8886
9786
1382
6631
3456
3854
4935
1552
6079
6797
4980
448
1866
721
566
7661
2862
9055
1141
1293
8635
814
7463
566
6902
357
6270
3430
6420
8641
2665
9782
7647
3674
3888
8133
7609
5148
8506
617
9027
6533
1729
10
4025
4364
9394
3293
9675
763
6437
5146
384
3526
9465
3294
6688
5201
861
4240
5708
4106
4201
2796
4408
6659
9933
8545
2702
6392
1410
9088
2201
5998
9438
5183
6504
3980
9537
718
8145
6287
6598
2454
9992
4724
7436
2409
6752
8099
3329
3910
5170
429
6566
972
2789
5227
1317
6239
5060
1372
9900
8323
3860
3624
5119
5536
4645
5893
7543
9426
2572
7771
8310
4502
2253
574
5687
5943
8017
3134
8328
2634
1853
3856
3825
6836
4619
5799
8455
1900
5572
4899
3937
3939
4821
4035
1259
6216
6211
748
8374
7997
9805
5084
1492
5188
8061
4145
3587
610
3536
5264
4108
2335
6486
6292
2379
7275
676
6049
4974
5531
9529
5989
303
9810
9537
1173
9015
5608
2177
4064
5373
9971
2250
3522
3947
931
2780
6026
3036
9683
5640
4946
5407
6960
6349
9214
831
8666
4846
6191
3651
7219
1631
1759
103
6850
3406
9653
5297
5007
3028
2799
9688
38
8069
633
2168
346
1547
7790
9431
3791
6181
6972
302
3357
8963
4879
7786
6371
9929
3659
1474
2334
4831
1693
6928
7977
3625
3813
9654
6135
6482
1911
6195
1130
4151
8475
1263
5723
3721
8825
2381
2677
4114
5642
9842
9862
2777
5025
4424
9810
8006
5032
4886
228
7682
3102
133
3278
9275
2432
4100
9982
3363
6164
549
5110
4861
1594
2153
7920
3642
3624
9397
540
9228
8054
56
2247
958
3487
9196
6842
4934
6368
5785
4203
5793
4012
4387
3274
7399
95
7900
7515
9612
6096
3990
6163
8083
6568
5737
5970
7901
1765
1326
4474
1927
7026
8539
214
7692
5665
8395
576
5440
8402
9458
1715
9048
8066
2556
6990
6272
1430
9783
3589
2344
9435
958
8963
5357
4399
9730
6778
7590
9079
7116
8706
5554
4248
8654
1197
2701
5343
3206
965
8921
5112
8942
5742
2612
8005
6530
8816
7403
3992
703
8063
6866
6890
911
3023
8658
887
8818
7922
2764
6635
6881
204
7212
8068
6637
5271
9565
425
1617
4195
8662
9037
9311
7550
5457
7198
9809
3694
3633
8724
8815
2652
7771
4846
7878
5485
8441
1611
2239
9032
5177
3589
8616
6764
4729
4607
2573
5076
8498
4569
6692
9883
9827
6285
4817
1827
7485
6325
7530
4074
6166
4337
481
3784
9121
7771
2821
531
2186
6703
9562
3823
916
6034
2089
8618
4747
626
8056
274
2930
3497
2618
3287
8374
443
2628
1410
9163
8545
5787
1955
4418
9663
7074
4056
1504
3492
3118
7980
5046
6019
3345
5064
8006
6633
9290
2848
1225
3087
7129
8588
5345
7522
1962
7172
9996
5730
2608
3560
1951
5758
329
8471
9039
7855
1786
6504
1468
2035
3977
913
7820
6834
4482
5225
849
4668
1392
6877
8964
7371
6913
4192
2797
3624
1926
6241
1693
645
2673
1656
8436
326
9737
7133
8126
2663
7562
1565
9323
9430
5299
2273
8479
5108
2574
2610
9487
2704
2559
5244
8569
9153
1966
7381
3989
4600
5096
6767
4947
8938
9689
29
269
5369
2563
6804
5538
2529
3420
5151
3380
716
9842
1837
8639
1422
894
7053
3097
3307
4030
7618
3556
1517
1997
8917
8798
8430
4941
7788
4840
3382
5745
1587
9414
8242
2558
9398
2119
9891
8056
8672
7587
6370
4800
5385
9229
9131
3161
4056
4558
6782
9082
2774
9453
2193
6539
2213
4221
8459
1235
5652
2171
9835
7814
2147
3328
8754
5710
1264
9260
6387
5603
4364
3727
3280
8392
5661
3894
9250
6558
3293
7298
5780
2366
2765
5269
3702
7887
9040
4947
2500
5287
1319
7850
2696
7046
8739
7235
5891
5953
9005
7499
4775
9954
1671
7281
4329
3924
4146
2829
9860
9518
3187
4516
4232
1411
5894
4801
8601
5435
270
4073
9307
613
419
7143
7610
330
1113
7735
8840
1521
5473
9844
6863
7670
7968
4796
3229
1301
3022
2478
7487
8759
7344
5242
4560
5063
3895
6736
7432
8166
3788
7641
8491
4639
9586
787
1814
3947
2489
4755
7079
9674
9380
5044
8718
2775
5655
5035
4102
2584
9850
7213
8336
5641
3017
5286
7728
5040
352
4842
2779
914
5230
3154
4491
9746
3076
6616
2087
5457
5446
4565
2910
5053
5591
7102
4322
7390
4897
4221
4237
9407
4690
9714
5186
6706
7500
9195
7310
6200
7996
7885
6856
9905
5514
3408
1681
9478
7520
6319
8427
2735
8682
1581
2994
4072
2652
7023
4619
7931
6857
8984
4924
2615
1295
4097
2523
3693
7154
2555
9605
6175
7673
1280
6279
4267
9634
2830
3345
7123
3676
9413
6437
3136
5804
617
986
64
3665
5102
4921
2105
2369
4641
7097
275
9029
1226
8822
3595
4396
2798
5856
1679
2679
5579
9723
874
5000
6396
7296
5916
2011
4647
1525
3855
2455
7477
2661
4740
2945
5288
8373
9546
8071
450
3315
7486
6184
1650
8552
1283
3626
7252
7348
5806
8193
2436
4587
6713
9476
7478
8368
7503
9896
7779
4614
60
3297
3982
9675
4576
8596
9525
3705
6453
6037
808
9061
7346
9133
9743
9478
9283
2994
7800
1230
4229
922
7699
1518
8078
3569
8374
5498
4305
1905
961
8416
3563
4311
1409
701
1164
3382
2732
9806
2115
5411
443
7498
4243
4719
5333
3894
4678
1984
1645
427
2668
5263
8841
9111
7181
6724
5988
710
5755
3893
8625
3485
9739
3335
7878
407
1996
4548
7731
8602
3258
2851
8096
4428
1987
4380
5441
5863
1466
1973
6708
9969
5348
7052
2614
2796
5276
2468
5075
5618
5227
2632
3902
4178
6398
7078
8109
5145
4061
5758
2815
6169
7863
1431
7537
1129
6046
5492
3049
8578
5472
8220
910
4129
938
9745
9788
1514
6416
6197
2793
9964
2355
5260
4308
8693
2100
1363
7132
3556
4351
9836
8762
3825
6594
158
5955
6894
125
3085
6536
9600
8859
7625
3145
6151
3918
4053
9266
7204
6831
1319
4764
7488
438
762
737
6558
6981
8092
1296
9305
640
3902
7183
8470
9586
8274
9864
1287
9780
3548
6408
1470
7965
7839
3165
7704
82
3636
9200
7114
5565
9136
6545
8671
703
9049
6505
8208
3007
5256
6504
9212
8200
9221
5137
2860
5916
9100
6217
1935
67
1183
3224
7523
378
4887
2864
2988
3206
3325
8563
7394
5096
8407
7404
5579
3787
8931
8376
1443
3136
3926
499
9927
9260
7329
1007
7678
3220
4771
8476
6859
4142
5481
8142
2205
9123
5813
7662
2424
6818
5419
8784
7318
6132
3776
2568
7328
144
8509
3146
86
4774
7868
434
3073
6643
6299
2316
7301
6716
4957
607
5072
1730
7673
8882
1537
9958
7663
2004
248
6981
7154
6209
7001
7704
3971
6772
4495
1723
8811
6796
8391
3669
5200
9720
989
2322
100
9388
6509
9057
2842
1671
699
3920
5119
5551
4278
3484
3377
2314
6447
1587
9719
9649
7383
8475
8466
7829
3586
7785
8444
6301
5632
3763
2264
5807
9943
6306
6223
5457
9950
5402
6667
2990
9576
4074
3761
4947
6405
537
3004
6604
4084
7446
8652
7166
3753
7929
3893
1496
6887
784
6715
8008
5434
5774
3088
1269
5154
7220
6785
8761
6416
264
2445
4275
1200
3447
4102
9835
542
2413
6123
4103
6864
7356
3677
5798
7884
4982
6247
6695
7102
2111
1494
2433
9689
1885
5481
9124
1243
6522
5705
3669
5220
248
7600
146
1694
5400
3110
6328
6972
3932
3107
7511
5519
7378
2786
6699
9182
3439
6825
4175
1749
8730
3383
9194
6086
6805
2311
9328
7163
9689
5048
8641
2721
2459
8978
750
5971
3365
4643
9134
3167
3265
1352
8405
2224
3980
6208
8155
4457
8181
2233
3701
6805
8472
4702
1207
6806
5401
9937
6949
2392
189
9719
9344
4998
5380
8954
8841
9238
6308
9377
7131
6884
916
3159
7147
2254
9247
5153
6975
1626
5019
3931
7624
9076
5277
3196
2578
3425
975
2648
4786
7337
1270
6871
7112
865
6594
2904
4531
4804
1302
2942
2885
9526
2060
1494
7665
2375
9534
3824
8370
2865
8983
3527
6819
8281
3886
7766
3663
8867
5150
450
9355
565
5164
7691
7552
3764
8547
3879
5159
3614
8157
4587
3942
8197
9714
4860
1816
5731
8942
7958
6866
1512
6415
4771
3631
8937
5145
7184
2346
6082
1628
1526
9075
4761
7869
7427
8305
4165
5440
5476
5424
5454
2127
4085
4229
3947
1545
5008
1937
5769
328
9152
3575
4537
2259
7612
3844
4983
9288
3092
9129
1306
3286
5333
1096
7982
1199
5088
9881
6309
5036
8181
9977
7435
1366
8643
9677
2174
9586
7003
9267
6402
2146
4689
9951
7536
6157
3890
5093
9374
6558
1751
8965
9361
4229
5288
8951
4610
8254
3812
81
3867
312
8987
1615
1240
1194
8562
4721
1528
1704
549
9247
4229
4555
5572
6769
4074
9113
2238
386
2850
4697
2057
1800
4142
8693
7028
8396
8850
6822
4869
741
1374
5833
5473
5640
5634
1250
2917
6632
5380
8202
761
9510
5144
7341
1397
700
6236
5397
4100
9998
628
3660
2966
1267
8689
9638
9065
3850
5805
62
4736
5938
5630
3378
8704
