229,678,800
938,262,554
457,338,700
564,902,147
606,433,121
895,367,398
714,57,126
410,117,842
648,101,306
10,442,637
65,590,818
78,651,269
729,761,718
880,881,564
332,825,165
901,115,796
884,254,331
310,48,487
987,847,539
640,22,513
185,434,781
197,37,250
878,445,734
807,311,417
511,738,835
137,59,976
470,211,343
965,780,243
934,871,373
727,791,852
557,955,776
767,565,337
349,646,309
411,641,462
680,241,70
725,469,755
253,686,544
543,710,2
168,338,548
466,699,363
258,468,714
603,783,535
811,482,320
445,893,518
311,299,910
643,879,874
631,427,575
988,26,657
990,666,726
461,351,777
378,149,895
314,521,410
393,596,762
615,552,88
369,785,128
720,67,2
706,825,865
374,999,52
444,480,942
784,947,129
733,719,883
772,953,628
649,343,415
113,219,40
507,708,163
313,962,442
581,181,614
149,524,102
548,683,617
963,847,181
741,792,787
90,346,391
706,211,537
899,67,425
254,950,260
154,378,762
987,442,475
608,403,910
938,324,268
233,709,697
199,890,108
438,367,594
6,380,224
553,641,617
289,556,628
312,269,166
845,268,556
288,826,577
132,30,384
590,122,507
169,71,894
602,516,469
264,485,287
600,104,203
589,138,996
90,740,93
12,758,558
322,815,971
679,82,378
424,845,337
946,536,820
419,151,230
267,615,947
18,263,567
97,704,717
210,395,657
250,571,686
207,130,416
207,113,751
359,630,326
503,253,903
568,517,67
739,790,939
138,285,456
120,978,791
734,291,923
26,15,425
213,60,635
522,275,810
966,714,247
920,257,596
326,778,641
830,654,836
925,874,426
324,310,177
834,195,625
989,992,681
558,617,904
965,190,883
116,834,45
591,343,695
400,362,289
408,15,718
214,521,514
554,9,537
438,481,103
295,896,48
757,754,241
227,369,772
345,388,805
77,832,609
512,14,338
76,674,396
53,564,177
931,332,909
415,484,239
569,544,95
441,509,477
450,3,349
403,525,996
448,766,763
131,610,739
507,496,541
312,512,109
684,445,210
435,52,686
255,819,525
966,913,159
396,471,4
736,618,483
943,396,916
869,197,981
322,366,848
154,553,881
38,999,245
462,474,834
962,751,346
22,605,127
170,384,837
385,537,414
108,144,909
187,876,515
590,666,524
797,470,922
475,611,615
752,995,480
309,500,489
871,185,580
78,620,724
234,32,389
445,86,109
552,424,45
975,559,662
419,784,663
707,173,910
318,656,252
4,494,787
585,722,708
949,568,893
179,437,211
310,838,953
440,28,536
834,80,595
218,457,901
360,970,401
536,827,419
543,208,72
556,670,268
487,694,469
791,534,886
112,389,870
945,224,163
300,718,846
368,190,335
755,240,664
273,954,891
488,878,597
281,576,629
19,436,171
48,585,412
738,648,350
416,232,460
837,10,680
527,386,400
477,582,382
347,869,442
906,929,849
870,44,980
434,804,965
338,295,362
879,952,188
323,306,247
590,63,537
171,731,660
981,413,161
949,208,136
950,643,437
509,606,234
357,180,990
161,683,167
420,463,957
230,479,987
764,776,515
713,466,133
747,839,942
611,19,957
697,268,582
74,57,425
759,962,642
114,359,393
442,727,451
715,935,8
592,801,54
398,764,575
290,981,206
496,203,98
213,22,433
501,35,393
856,705,169
623,338,464
320,904,515
936,97,241
564,375,707
523,571,491
422,574,252
318,601,580
709,412,36
311,991,525
247,957,273
498,124,212
98,260,314
585,247,844
80,449,98
353,686,978
412,641,625
398,843,311
211,548,214
174,889,504
452,42,537
518,196,906
701,7,610
275,928,865
291,631,702
986,208,225
865,959,255
34,464,537
33,69,532
625,718,227
111,91,9
406,296,324
96,409,893
717,585,384
886,267,670
808,166,991
406,389,967
850,505,531
98,413,757
343,232,158
417,240,532
609,244,439
683,165,130
459,276,922
482,896,585
209,372,661
885,741,962
582,594,180
296,384,480
915,268,212
869,46,629
947,267,617
782,729,622
153,523,547
11,303,630
951,54,296
402,752,771
424,197,280
87,846,407
312,963,281
75,780,73
872,705,130
247,502,189
388,528,902
451,768,487
961,901,128
251,465,536
206,991,708
903,834,86
227,812,373
563,335,899
823,11,206
295,514,161
965,398,189
522,270,806
678,377,512
522,763,565
721,303,908
829,909,297
93,902,972
124,899,679
17,193,715
540,697,935
249,61,619
740,413,568
387,209,379
341,575,436
701,466,290
227,162,188
196,22,889
389,252,29
980,234,405
470,592,114
595,860,819
471,79,321
895,591,587
590,715,334
815,961,545
0,836,754
805,367,898
943,962,150
968,144,343
717,449,645
955,716,591
492,261,152
720,24,590
820,369,834
767,714,830
239,213,615
848,851,613
140,641,732
254,357,443
478,776,488
373,850,793
47,946,444
563,607,195
222,837,627
426,425,71
138,942,9
937,476,502
437,664,735
430,346,291
877,256,105
677,563,517
661,164,79
456,226,73
974,265,491
580,553,83
239,612,494
527,326,737
437,141,407
540,801,931
241,510,532
272,9,835
206,658,942
389,772,153
408,902,50
478,935,469
125,757,686
632,800,548
724,631,843
624,421,511
751,990,249
930,487,485
133,377,53
636,425,944
13,616,909
519,702,44
610,362,860
548,677,698
508,200,980
845,523,896
282,969,53
79,604,835
160,325,40
361,56,280
948,949,963
385,603,582
699,593,417
359,680,636
453,103,436
332,180,704
642,66,598
469,86,325
549,990,828
223,75,978
958,153,17
802,156,296
226,739,493
880,450,176
364,766,178
922,265,189
772,245,629
103,965,73
895,706,103
452,347,858
813,333,930
908,81,5
109,308,414
741,920,423
436,633,932
634,896,216
117,934,67
341,167,311
942,906,368
128,190,856
662,709,979
280,565,980
793,33,124
38,104,576
208,760,140
254,259,669
729,645,597
997,806,950
209,614,723
853,765,478
890,285,488
589,314,707
349,806,863
146,832,912
734,37,999
848,161,833
169,446,512
123,642,246
295,858,767
131,563,283
158,902,27
956,603,982
559,584,952
348,113,250
706,304,450
883,933,258
245,480,125
478,755,937
177,172,509
593,17,674
870,533,410
349,944,561
556,79,947
493,169,430
464,606,260
639,490,448
991,524,684
452,85,898
952,674,145
204,724,635
193,628,630
318,550,402
439,403,203
222,595,774
153,223,578
420,935,579
221,526,868
37,978,9
900,206,847
881,856,39
787,21,657
522,700,402
47,253,56
680,434,961
658,329,460
848,755,8
383,364,588
277,816,679
558,592,426
377,363,753
424,18,227
519,51,112
99,423,565
85,779,716
357,817,206
281,484,436
557,874,428
342,32,904
12,220,74
429,306,87
101,114,399
434,447,706
586,198,971
144,94,792
345,76,372
506,196,458
923,820,419
600,835,665
286,471,196
905,714,50
170,786,592
272,35,969
802,314,906
33,112,223
424,788,950
522,893,538
155,746,852
106,232,946
45,757,767
162,459,2
35,678,296
63,866,958
957,24,247
32,471,802
79,606,524
676,699,574
100,26,662
920,788,477
686,185,302
221,730,259
138,515,832
953,420,977
24,404,579
923,310,181
37,631,229
298,701,382
336,579,654
78,434,74
944,822,101
604,307,75
201,150,133
776,789,870
351,197,721
143,178,596
127,601,953
230,706,919
449,401,875
75,137,1
166,941,140
785,593,837
628,777,284
904,786,741
499,670,867
233,75,986
379,634,972
82,725,406
456,940,150
736,187,112
968,388,676
840,60,895
928,735,290
602,866,126
997,614,409
405,831,473
735,133,302
446,559,904
415,98,690
789,255,263
677,779,486
59,211,619
588,116,951
939,716,603
551,436,641
126,526,374
776,604,639
61,348,927
471,954,145
333,121,190
828,908,770
214,797,906
749,992,421
25,963,211
697,836,891
193,377,833
368,587,741
265,148,793
486,227,532
555,256,180
884,138,3
537,426,952
806,155,669
772,832,198
769,58,126
63,417,244
23,795,316
223,937,616
879,970,814
406,843,929
744,954,717
832,311,468
49,659,25
823,15,114
137,163,937
601,574,150
32,705,784
320,782,469
804,819,87
274,8,888
170,557,319
796,985,107
636,399,216
506,716,417
16,689,889
233,431,741
947,450,845
550,464,753
108,685,205
222,902,512
727,873,963
477,687,29
454,95,338
109,805,980
561,712,234
788,913,146
842,192,333
517,932,137
887,854,366
280,755,953
436,627,960
709,871,505
632,832,583
472,559,843
141,973,624
307,41,274
711,17,967
217,240,690
80,885,207
406,682,748
669,541,490
620,484,107
77,942,458
664,936,942
350,89,263
519,657,964
403,237,281
730,613,707
751,700,434
136,243,212
951,842,871
230,832,759
966,344,46
37,302,416
266,178,835
11,550,887
117,81,12
787,817,993
17,202,562
396,908,852
72,489,726
813,560,243
782,103,869
194,183,914
735,336,598
32,408,335
389,910,201
489,545,309
980,844,769
881,108,789
783,430,586
423,350,823
148,977,310
427,614,740
260,631,108
373,846,287
499,3,755
218,511,644
260,946,690
9,89,40
797,917,205
838,493,688
534,619,366
439,248,778
541,167,937
445,286,79
535,595,741
647,895,70
459,460,266
595,581,400
310,942,979
389,981,358
46,784,23
242,570,164
449,141,482
825,127,452
341,574,781
834,437,186
464,990,870
530,526,467
512,551,231
75,385,476
873,990,659
897,765,873
57,847,198
414,33,48
39,885,513
150,239,944
578,915,549
355,905,163
372,115,789
786,333,951
742,437,778
840,398,232
988,101,782
660,968,486
321,757,362
851,545,404
927,323,874
295,826,670
399,940,399
738,367,949
641,778,306
860,851,90
289,68,331
639,972,71
303,888,351
630,13,704
722,972,2
644,889,769
241,171,640
194,854,784
841,32,0
611,847,259
34,322,218
37,262,702
683,786,436
207,620,129
72,372,488
1,196,872
798,794,553
260,803,83
117,839,616
691,530,950
164,69,710
17,821,287
822,170,876
591,905,781
894,523,788
614,547,581
445,916,526
350,508,931
413,631,461
353,803,307
269,266,846
626,324,742
432,58,819
262,608,775
928,926,406
584,548,2
321,841,948
717,326,433
801,674,536
732,51,440
991,467,308
85,566,555
395,406,266
739,344,420
337,63,474
125,394,806
75,171,605
950,188,693
538,513,416
233,289,844
434,515,693
460,181,605
774,125,527
430,967,886
806,609,785
652,509,783
873,738,780
689,320,0
906,986,867
244,213,410
466,639,68
791,819,180
792,806,882
968,79,51
985,901,971
78,891,144
71,150,127
778,74,821
10,0,51
512,265,973
427,970,479
730,185,888
383,986,375
574,963,910
625,882,899
230,528,831
966,595,917
363,753,209
854,5,591
846,867,436
122,10,30
528,324,931
853,405,574
732,23,376
973,706,956
157,907,915
837,536,120
708,62,768
884,201,223
764,271,554
127,893,626
245,254,682
347,419,884
611,215,11
624,756,28
220,956,860
732,976,200
292,409,362
267,938,981
251,440,489
596,61,247
140,929,214
911,713,749
998,270,747
429,833,449
51,343,596
717,805,467
21,105,447
227,285,529
631,942,176
241,693,969
911,963,684
11,402,730
451,696,185
189,278,405
579,680,679
878,575,704
281,373,413
123,467,543
696,198,94
982,901,271
188,779,758
406,389,389
216,86,544
701,755,416
423,519,713
374,668,709
964,548,198
706,644,311
385,366,91
303,557,864
169,900,255
137,992,862
930,659,315
588,111,515
417,467,250
949,537,99
875,460,104
303,477,275
272,695,334
170,988,950
904,735,511
449,540,106
899,876,160
0,628,559
492,154,402
33,8,42
725,797,981
348,253,332
388,535,131
953,288,217
973,484,76
40,631,479
267,560,5
13,209,720
115,614,288
706,138,423
923,787,951
359,888,287
372,447,24
423,311,813
763,220,988
328,98,337
605,828,544
818,583,333
184,501,868
201,440,947
726,188,136
976,113,43
97,733,29
413,89,96
972,904,194
996,544,519
417,972,545
272,318,985
414,916,43
146,566,187
668,822,264
323,959,905
690,535,939
276,857,542
103,917,411
959,789,702
967,172,102
977,211,581
415,188,188
503,825,333
192,413,344
830,614,466
350,219,200
310,916,668
895,364,427
645,687,633
186,854,759
294,812,315
329,494,417
55,31,555
377,560,885
291,173,121
300,695,521
175,845,503
130,759,92
533,116,93
551,907,698
167,671,959
438,956,166
633,863,633
851,208,768
373,995,712
998,354,948
657,389,648
330,506,13
473,25,19
785,287,531
653,624,503
98,799,789
396,798,177
398,64,193
513,4,124
909,731,167
790,363,386
471,501,247
174,705,308
958,133,212
979,427,359
992,229,191
547,462,84
305,843,547
844,498,978
145,598,853
720,20,466
448,925,700
508,148,569
743,997,334
725,213,937
234,797,510
852,393,293
424,830,912
750,524,326
273,883,397
704,633,690
24,546,131
712,543,257
999,124,3
519,406,735
395,975,654
337,9,66
967,714,153
63,102,340
263,758,424
456,685,55
797,973,694
253,650,371
343,138,170
310,936,427
475,194,37
304,398,303
126,881,187
222,633,377
471,972,438
106,107,492
658,206,628
917,647,814
475,257,781
926,859,710
416,875,930
656,44,740
615,443,723
268,263,600
156,365,871
921,633,753
954,420,799
69,337,388
872,183,248
