227
729
506
28
644
783
976
497
152
398
173
862
918
694
128
636
529
819
486
531
345
377
518
78
424
690
666
647
465
250
142
274
934
876
13
240
604
147
96
670
257
126
170
185
758
454
444
994
664
698
73
162
111
476
51
322
604
108
554
680
838
353
180
682
794
8
118
659
125
35
521
303
560
998
52
708
901
837
615
859
457
576
165
58
238
428
481
448
799
184
61
275
48
521
416
369
181
314
116
642
513
431
622
159
775
140
322
815
941
503
168
231
249
291
649
148
351
689
177
129
796
671
474
70
755
359
239
804
811
2
98
692
301
298
421
56
250
389
474
666
684
604
167
223
767
977
666
512
539
607
444
902
973
414
974
217
66
800
939
889
67
628
0
711
235
181
471
286
214
458
544
381
546
113
647
386
751
140
378
747
204
550
555
674
372
597
928
844
37
602
768
72
966
443
24
744
576
236
510
123
306
101
340
360
99
147
229
622
29
775
422
740
843
317
867
833
297
276
142
851
912
94
89
720
42
28
279
399
638
466
924
238
83
697
236
777
580
251
529
622
111
744
806
720
227
926
98
688
424
65
243
633
723
925
908
242
873
992
261
562
466
67
972
632
973
962
271
946
749
86
697
96
994
462
740
634
499
31
445
154
135
914
549
408
709
119
385
512
673
480
866
29
466
46
706
107
847
249
638
395
176
160
50
216
70
773
930
811
88
344
837
756
522
516
948
395
39
323
493
313
274
189
290
37
109
761
196
565
273
880
70
57
482
153
664
429
880
201
639
866
260
332
46
228
764
685
857
445
75
135
147
983
91
725
678
206
948
953
177
901
698
794
90
350
499
149
860
769
960
658
857
409
839
112
295
594
535
462
37
165
872
139
242
168
818
210
276
973
882
78
569
738
563
286
217
470
14
564
628
586
248
859
895
200
375
85
218
415
397
618
768
130
979
111
791
542
423
490
352
930
166
349
322
443
109
361
918
963
403
326
78
440
354
58
657
483
190
779
572
450
703
636
53
251
663
786
968
85
598
717
889
786
596
847
219
99
494
273
784
698
820
118
495
470
555
546
258
230
60
201
973
116
168
983
790
424
942
224
718
733
94
441
772
722
72
262
640
730
373
400
296
648
948
322
518
176
11
267
281
884
570
893
84
31
52
397
667
745
100
647
390
303
957
252
465
183
919
123
295
409
650
283
35
299
26
649
136
113
109
747
707
809
364
924
306
332
911
660
395
613
891
986
874
376
912
180
447
594
22
557
489
710
322
908
278
469
849
181
174
51
518
158
729
371
817
607
877
721
592
996
145
512
949
294
34
252
786
224
688
444
196
276
822
337
883
61
162
926
94
393
591
189
792
225
85
313
225
621
6
707
179
418
153
832
562
150
772
509
898
162
784
157
990
200
276
224
327
741
367
148
124
333
221
174
333
321
568
689
62
901
586
88
503
559
45
952
806
45
938
330
665
213
178
310
318
905
862
861
877
688
427
856
532
44
537
453
732
644
231
315
924
669
708
372
588
971
951
105
483
685
135
731
522
33
629
396
351
150
343
369
16
122
852
318
474
222
521
176
458
824
321
78
89
5
914
921
86
765
988
327
671
368
44
611
432
669
994
363
176
83
824
950
186
36
711
43
678
76
553
644
976
869
804
661
457
825
631
466
564
480
488
472
965
375
442
36
704
205
831
98
761
525
160
468
16
300
191
848
194
557
37
11
14
978
742
777
749
254
46
949
115
139
305
51
85
38
708
10
841
60
727
831
348
909
518
791
677
973
398
249
803
316
116
515
32
146
39
590
732
279
870
753
873
788
914
286
781
318
700
891
747
739
287
731
58
710
992
648
770
778
418
864
682
267
468
689
513
689
831
279
201
361
671
723
35
846
609
583
589
619
207
297
199
934
58
147
453
576
467
324
612
135
86
322
831
149
287
998
557
204
233
682
455
938
41
280
91
146
501
888
102
348
443
715
502
473
361
881
815
700
672
409
504
203
907
533
972
31
924
560
377
16
341
76
995
680
560
773
74
562
113
319
765
229
920
613
875
672
805
291
733
528
219
141
253
291
760
314
858
794
578
308
736
784
0
951
441
672
802
379
419
410
910
765
648
736
255
485
703
822
788
420
238
601
730
692
6
51
23
345
354
614
137
639
580
762
75
469
611
787
225
757
927
175
562
67
176
196
6
285
546
472
39
467
918
884
151
757
288
772
529
298
231
978
537
254
553
346
518
290
929
326
384
47
406
640
502
612
943
141
713
527
311
387
262
555
527
860
995
66
