187
727
865
413
189
119
82
718
74
29
159
84
803
738
870
272
548
568
666
77
396
377
414
917
969
572
242
55
227
584
964
136
252
275
695
362
495
883
153
154
522
182
500
723
518
496
302
157
584
963
546
284
538
272
867
31
50
961
629
49
11
663
14
847
662
101
867
235
606
267
36
413
337
582
236
934
229
48
34
331
337
747
742
392
412
437
403
697
382
70
885
90
59
46
776
431
65
941
50
674
939
616
163
830
467
659
769
644
871
678
754
512
81
679
821
893
554
388
396
274
8
763
500
742
692
564
133
939
87
997
881
559
610
582
510
253
476
834
846
708
258
393
972
506
844
123
263
449
712
295
802
473
783
256
25
137
802
479
750
303
11
783
649
380
528
249
690
972
683
652
52
772
618
418
602
155
44
807
956
518
173
479
344
79
301
672
241
687
597
775
847
807
9
386
409
81
432
505
532
346
729
728
536
903
979
266
630
340
452
766
336
545
16
613
681
737
409
460
33
157
812
404
474
885
193
530
337
164
370
206
137
855
388
972
436
542
548
825
448
996
312
169
513
9
672
370
694
384
599
291
84
225
300
203
917
437
592
464
38
57
851
685
12
955
975
220
549
679
577
99
443
971
628
839
247
591
872
444
992
264
41
668
745
916
755
673
295
727
809
170
26
492
467
336
522
14
348
666
817
905
803
38
923
156
11
30
106
176
664
513
240
575
472
922
225
613
250
65
579
86
372
704
798
867
640
600
869
812
446
422
663
633
463
649
806
952
580
473
71
906
878
160
762
478
94
235
670
907
69
441
453
929
221
396
790
700
830
664
685
918
659
355
131
838
664
90
84
704
768
697
852
589
654
275
912
113
108
237
886
71
135
778
222
257
515
912
870
975
912
800
915
233
420
557
364
825
175
780
458
763
811
832
846
912
296
924
457
87
450
556
919
10
523
765
865
702
37
280
395
613
256
698
632
527
358
440
692
455
252
488
473
155
847
615
12
150
309
16
296
329
935
992
414
703
635
194
125
563
482
163
435
153
333
233
530
417
25
503
258
517
124
358
487
362
851
725
657
814
329
633
895
397
403
775
173
965
933
995
827
950
375
396
653
264
766
378
827
485
965
112
379
324
210
607
849
404
627
454
470
642
889
432
980
861
351
353
498
225
647
335
399
313
987
780
397
683
616
913
62
684
462
265
911
898
185
6
481
510
696
470
606
662
836
496
917
783
419
350
758
355
200
430
111
275
972
283
436
793
697
384
888
377
305
408
525
359
695
947
274
835
645
612
261
876
749
729
473
323
777
149
555
131
650
979
93
527
691
955
318
269
260
954
645
289
710
918
890
324
922
34
741
49
640
12
366
762
116
384
13
606
696
570
223
103
891
676
520
38
35
727
413
514
998
262
583
320
733
473
512
176
183
755
468
903
161
353
502
499
128
565
396
447
370
129
944
788
313
884
283
984
558
696
296
732
745
339
460
968
597
32
752
611
350
741
958
533
591
164
513
593
30
658
54
363
390
204
950
456
385
807
223
104
610
500
421
808
917
338
413
523
89
129
727
43
44
715
28
406
413
149
471
925
98
282
19
976
623
742
294
943
858
490
2
140
662
656
975
777
286
95
484
830
415
267
893
985
255
943
714
713
347
179
761
277
145
548
735
880
579
747
476
569
88
20
502
966
758
25
453
46
440
149
687
187
71
669
178
312
43
754
971
406
871
1
758
551
338
517
2
276
877
916
123
959
858
940
275
111
941
386
897
778
524
158
422
414
279
246
223
215
188
458
886
329
937
860
560
629
949
591
618
432
103
930
145
937
599
156
792
952
997
109
101
17
69
513
691
869
440
749
322
301
20
641
390
687
569
822
575
819
923
692
151
418
986
957
845
849
71
415
411
422
604
308
322
442
727
987
146
213
792
699
442
360
192
582
247
877
71
521
509
867
883
196
714
325
142
959
260
389
651
582
640
683
661
191
339
365
572
686
968
795
445
916
625
654
292
909
117
204
460
104
576
942
112
967
379
944
489
962
670
751
469
706
953
41
984
155
659
159
822
57
234
868
512
158
518
434
380
719
892
960
513
5
595
365
818
72
275
628
256
838
300
422
134
410
613
434
828
707
792
951
250
82
939
399
503
611
172
950
387
919
303
857
878
562
487
212
327
1
403
413
250
218
588
47
614
492
939
536
818
288
207
840
476
917
547
981
517
648
938
24
743
219
353
332
419
823
137
667
191
184
169
250
633
937
389
903
794
223
87
82
321
781
549
217
690
250
937
63
