186
782
791
259
670
775
575
151
516
972
735
959
994
714
302
566
353
100
811
190
922
578
911
589
875
276
453
953
227
607
678
903
967
771
971
585
682
201
109
59
874
125
698
766
470
279
322
23
929
417
126
410
321
17
178
965
651
546
166
822
840
850
197
293
593
624
733
353
102
428
20
99
332
713
725
693
100
715
40
69
11
195
373
760
769
90
958
105
40
635
521
675
180
268
290
94
448
93
87
448
858
915
271
916
941
988
108
394
69
941
173
61
32
171
51
242
114
236
90
35
640
616
151
851
959
853
66
592
351
235
841
418
159
43
685
443
400
191
458
721
252
83
914
964
71
664
342
210
101
714
138
103
203
241
826
62
646
959
843
881
761
785
133
659
591
178
818
848
713
878
255
14
311
398
383
863
882
760
681
528
486
211
13
738
462
83
486
950
710
187
450
285
980
908
81
120
434
415
484
561
798
38
660
844
255
267
567
230
433
118
27
874
36
80
99
687
39
165
238
270
411
656
767
58
527
926
715
942
23
650
471
892
368
264
9
227
482
676
211
80
751
607
884
147
296
561
584
209
429
618
967
713
611
330
77
207
335
290
127
506
839
914
837
822
471
577
997
908
551
792
238
111
581
29
470
778
551
361
716
646
375
313
501
838
201
22
299
743
714
582
294
737
744
900
241
641
848
119
302
276
412
479
58
730
972
677
847
489
360
855
360
989
509
34
887
877
387
40
124
456
233
610
83
919
599
780
615
813
796
216
262
53
826
815
628
180
137
911
586
315
878
700
634
713
979
955
567
722
792
123
940
154
994
869
339
992
328
724
470
878
316
352
309
16
750
741
471
768
934
567
184
32
17
788
509
98
292
547
197
778
983
958
165
98
153
602
405
724
801
562
561
777
20
670
924
703
858
531
560
206
121
348
840
716
580
474
595
521
191
642
502
261
284
443
34
888
33
936
108
326
859
747
537
441
102
874
736
583
900
5
215
458
923
991
794
13
130
125
273
823
99
3
542
102
609
657
874
723
618
842
250
138
630
265
438
812
156
952
931
664
155
345
465
406
444
93
289
12
440
379
797
60
874
96
384
21
88
13
51
843
346
106
185
642
529
720
563
345
448
690
345
882
625
209
649
616
383
929
38
578
460
988
767
849
680
898
247
851
961
828
197
731
670
822
464
449
442
147
206
754
366
847
165
41
684
334
728
324
750
748
92
65
148
7
703
574
148
508
726
513
774
997
26
171
282
715
96
595
655
830
377
154
732
537
676
544
775
706
784
884
62
194
876
750
33
286
432
718
204
580
157
13
210
699
451
214
155
564
85
697
122
191
862
927
223
590
248
340
62
989
911
668
495
264
426
537
118
837
277
484
730
928
562
703
717
165
202
722
118
613
679
976
906
895
798
93
460
174
672
165
18
185
775
46
584
986
581
713
190
272
826
415
66
66
24
408
282
106
137
784
467
784
752
295
800
828
409
441
65
392
606
42
2
274
925
666
893
297
918
567
687
234
834
885
475
990
719
480
532
434
498
713
285
832
375
446
739
330
380
340
977
747
838
860
918
73
912
166
971
154
390
560
520
963
99
988
532
494
386
791
517
175
847
232
605
803
468
205
661
623
921
327
402
218
143
195
314
370
616
580
862
205
984
403
137
937
381
354
69
682
700
730
293
12
752
782
109
227
627
663
597
656
457
686
112
224
354
69
981
950
263
173
176
337
477
453
607
657
110
915
609
426
609
334
896
627
823
385
381
627
152
985
898
390
208
675
464
201
516
613
129
235
380
556
406
405
996
464
531
976
245
762
956
562
324
671
350
168
490
146
265
821
745
686
367
493
427
468
584
805
710
868
640
989
98
874
695
191
366
232
123
300
24
576
645
589
470
334
917
963
851
539
259
272
509
47
262
136
809
904
557
928
339
807
404
690
424
142
565
635
848
184
388
392
675
909
342
654
11
574
666
937
939
416
49
280
81
429
839
145
804
388
533
39
603
0
448
581
545
548
166
431
485
776
372
708
456
950
997
794
379
17
945
456
442
334
206
152
145
726
485
502
444
674
55
592
706
809
139
705
838
883
539
16
74
166
691
409
942
652
715
263
658
700
45
589
550
961
212
338
600
285
813
776
179
593
787
452
392
325
563
20
627
285
184
4
32
738
360
634
279
68
543
236
475
336
187
643
172
568
407
20
542
329
570
621
431
415
579
8
234
250
707
284
533
494
687
897
640
658
868
269
378
616
933
840
903
506
838
827
272
871
170
329
793
99
625
348
422
335
