205
117
180
249
211
486
860
370
498
321
596
690
239
590
164
895
203
833
916
500
880
622
951
193
120
519
420
516
757
856
998
75
416
345
977
151
346
509
678
0
629
545
359
93
150
773
310
76
960
227
277
688
169
69
684
538
920
524
827
539
485
689
200
224
427
185
523
823
221
484
273
763
278
118
183
967
953
159
575
510
491
41
579
445
420
633
680
7
529
124
260
327
479
114
61
359
753
566
287
239
187
110
448
168
838
164
36
406
228
816
157
773
699
861
672
862
740
192
625
39
746
217
985
455
926
851
242
875
60
724
348
858
34
831
131
684
472
174
597
250
500
539
229
469
608
33
989
691
445
105
450
762
734
862
689
9
17
727
85
585
600
140
63
734
430
58
735
1
166
90
305
168
467
340
523
734
619
699
916
933
301
198
913
141
525
370
113
28
64
334
720
980
87
578
966
159
186
605
590
686
753
372
840
898
158
468
891
501
503
719
133
420
424
463
835
853
921
637
123
159
951
987
94
112
156
404
489
265
350
445
381
342
166
243
316
514
213
472
439
537
469
27
573
688
891
981
128
655
46
481
44
416
826
427
732
30
321
45
661
993
947
421
900
489
510
990
728
212
582
662
236
745
232
144
535
547
541
60
286
202
69
868
510
670
456
573
722
575
201
952
953
11
281
404
158
898
196
309
82
304
249
419
84
265
3
974
612
739
591
754
329
255
356
752
654
379
966
413
948
730
450
529
954
126
721
346
472
925
120
440
166
796
324
628
110
799
636
480
87
723
462
965
218
122
207
687
97
19
672
924
706
896
477
493
582
875
257
537
700
89
627
836
939
765
829
40
943
339
601
10
935
225
772
999
651
202
334
289
768
80
305
849
976
314
68
163
802
153
590
523
218
602
826
315
282
792
904
982
960
197
416
398
650
175
66
753
104
12
153
828
679
574
379
957
836
199
397
870
377
804
183
470
34
3
898
132
93
345
159
522
390
687
415
515
299
210
629
576
76
832
196
844
421
311
355
385
202
160
163
986
336
97
582
990
16
238
598
554
580
803
556
200
581
395
582
71
447
993
823
850
363
862
91
670
323
585
912
163
226
128
72
636
156
725
416
29
470
867
957
923
380
773
524
702
491
660
15
829
540
900
110
144
423
402
759
792
22
408
627
89
505
999
978
910
703
552
141
858
415
967
482
986
779
691
50
308
655
669
396
385
517
897
688
810
637
539
76
130
31
911
575
505
644
610
144
816
719
234
782
150
314
529
173
604
698
469
783
921
854
757
850
497
853
978
871
492
114
856
315
378
564
261
381
745
890
891
625
223
262
797
975
318
83
370
596
429
759
72
530
922
629
194
65
323
651
571
211
699
558
650
642
840
582
891
291
663
507
610
837
327
161
229
700
879
776
930
237
176
221
685
944
347
499
235
168
531
546
845
462
250
805
229
192
178
334
871
301
677
229
91
176
418
103
689
460
987
654
696
513
438
265
405
525
260
518
229
643
873
596
371
988
727
246
937
634
270
577
643
189
882
916
506
923
669
608
517
350
591
739
651
460
172
682
589
565
616
549
577
165
783
493
932
74
505
404
516
725
547
993
204
971
446
125
224
231
11
498
165
254
435
977
688
926
27
577
256
491
143
906
704
679
15
10
684
61
163
17
944
148
404
104
236
73
907
994
458
704
366
905
716
576
14
667
273
367
778
339
32
404
993
241
281
327
523
966
536
266
841
686
586
219
698
649
638
511
543
595
773
618
817
557
464
193
835
96
849
649
299
400
904
689
479
10
533
276
285
228
984
99
16
631
222
794
817
917
156
967
331
229
142
485
450
175
894
995
11
613
982
471
929
860
325
763
464
233
541
758
658
668
193
941
448
991
288
151
672
68
149
815
93
848
444
298
970
927
239
461
400
348
804
171
254
109
512
953
43
417
683
121
648
41
769
441
482
621
684
897
150
325
243
739
954
472
324
681
657
391
967
578
665
183
209
277
862
332
472
667
461
618
870
651
484
678
532
698
577
492
885
799
509
283
203
527
203
765
784
127
196
677
385
739
483
918
198
305
593
0
355
335
74
716
199
229
174
645
294
361
718
178
797
431
417
829
694
399
111
609
615
560
260
424
755
634
851
449
192
505
437
161
343
820
692
838
38
327
839
949
340
345
624
360
102
879
327
30
399
361
964
540
810
956
236
62
116
877
730
560
615
732
191
328
267
504
594
273
29
20
357
261
133
84
170
83
705
955
740
747
827
841
710
314
415
331
514
939
723
772
612
646
441
