32
770
806
93
357
618
594
932
9
130
78
44
578
125
374
548
930
467
204
175
432
291
991
499
812
388
590
320
939
720
766
891
984
792
11
763
76
184
965
564
829
303
356
70
611
738
360
94
521
586
162
724
341
450
662
840
240
585
251
87
51
123
579
558
991
258
207
881
273
37
530
570
50
389
167
519
627
667
646
624
689
898
796
706
487
518
558
405
501
789
756
848
608
76
857
661
405
86
117
997
834
647
376
145
217
778
297
534
730
482
994
554
764
532
300
880
645
922
671
152
774
307
782
947
78
31
422
449
157
149
194
109
607
977
634
961
236
22
906
763
304
844
986
52
464
114
63
898
873
325
997
570
921
159
444
724
768
1
137
545
215
555
618
516
695
628
964
175
401
251
144
141
85
742
85
944
858
860
743
61
184
933
401
146
788
556
344
322
302
578
299
912
449
984
539
763
101
805
215
122
236
890
587
181
800
286
510
126
226
622
82
590
417
510
232
32
596
265
12
181
879
71
122
267
105
905
523
559
355
802
246
929
189
983
913
530
759
679
647
486
666
929
526
347
584
408
904
43
612
871
255
958
22
648
407
991
205
627
473
719
715
128
292
448
632
517
340
439
209
962
98
859
947
371
690
801
503
172
205
679
32
480
748
856
345
238
631
424
947
735
931
362
182
199
225
895
129
805
318
63
227
540
40
75
985
306
499
943
301
368
352
408
634
631
314
664
888
651
787
134
746
589
808
431
449
946
219
779
391
420
498
565
67
811
893
204
88
890
456
148
452
351
754
71
480
977
566
517
858
236
368
934
412
635
452
933
429
268
474
892
10
82
690
922
951
429
631
168
420
409
940
716
391
307
4
578
945
833
462
531
146
291
666
709
827
145
341
244
440
951
835
604
865
725
189
142
198
711
629
284
535
978
309
30
201
906
216
266
534
13
690
985
370
546
488
101
450
493
747
444
471
497
384
255
201
612
694
776
200
370
565
425
743
5
123
487
764
679
278
40
478
17
824
912
160
216
600
660
544
315
130
937
630
711
148
941
354
167
467
513
504
768
698
373
570
169
859
278
66
847
844
289
442
729
609
378
13
478
35
2
666
520
804
971
650
160
300
737
258
551
306
221
275
772
986
848
508
388
671
502
161
768
541
758
829
643
628
978
98
609
450
862
516
180
86
111
966
627
265
100
537
160
363
93
236
864
157
823
720
10
563
314
275
660
114
938
742
745
347
396
105
512
170
492
955
354
791
245
929
20
899
870
188
707
990
413
67
989
358
587
824
687
604
900
763
816
56
917
356
545
195
393
587
833
227
260
303
8
151
994
120
7
3
333
316
378
756
431
637
816
884
357
802
99
481
993
549
127
413
559
960
790
386
584
133
389
554
950
805
575
282
316
897
834
658
165
793
778
631
268
535
597
369
238
287
60
372
28
946
259
18
760
881
217
46
203
80
681
749
363
538
41
60
311
935
293
371
197
243
962
812
658
504
747
452
364
51
457
15
470
55
901
282
713
133
655
20
948
981
743
749
696
54
708
405
354
114
652
597
876
917
760
538
560
294
884
701
94
176
837
178
453
347
380
159
957
795
965
712
849
547
391
679
207
951
509
702
436
728
52
671
741
145
974
85
638
614
959
222
77
239
566
724
193
522
539
661
734
877
68
599
368
716
84
78
813
78
451
886
353
408
588
731
565
641
337
651
898
160
921
174
843
776
121
929
228
248
699
606
933
550
162
852
428
475
625
849
387
518
959
891
180
476
127
73
655
312
525
253
373
842
274
804
161
392
374
381
844
789
416
562
255
111
861
303
680
179
953
772
967
909
260
992
619
9
430
534
89
367
852
351
969
135
87
646
584
44
34
886
709
788
20
293
673
580
547
221
988
282
479
991
342
469
384
771
634
303
291
513
217
689
440
330
613
503
784
38
839
264
814
736
526
54
579
0
379
40
883
264
411
896
465
862
438
464
78
145
694
417
990
686
259
247
7
372
124
498
496
984
693
312
875
204
711
910
557
712
644
628
11
523
908
256
731
458
356
766
70
794
734
779
460
878
436
739
31
412
267
459
632
402
909
345
555
840
179
123
93
225
92
391
868
178
889
258
451
468
406
141
63
934
864
665
536
485
660
414
177
430
4
182
931
598
845
568
974
238
900
829
111
562
628
159
832
725
429
62
228
208
610
640
24
173
173
314
109
186
750
644
988
78
91
739
616
879
122
88
913
835
673
473
351
726
276
844
520
785
564
429
314
448
592
870
738
552
258
167
244
751
630
