118
345
792
663
74
970
198
319
940
217
494
903
886
829
91
892
970
330
92
71
245
322
981
991
761
933
683
622
167
631
743
990
512
696
662
82
385
462
290
303
529
443
204
285
477
115
479
763
101
160
769
980
298
418
978
505
565
560
434
614
58
95
781
984
794
858
620
214
710
836
242
825
773
148
205
906
788
463
621
837
841
168
992
156
468
704
201
426
691
136
875
23
326
667
192
707
299
131
470
917
35
104
581
489
998
383
920
993
395
960
754
444
831
322
273
641
667
437
965
40
563
915
122
910
324
893
444
516
674
436
774
413
961
739
270
35
106
161
732
212
984
205
890
320
913
101
688
632
895
540
714
735
12
156
667
617
233
403
832
181
24
184
233
867
908
234
164
188
169
454
671
241
783
153
657
361
678
975
439
718
918
320
632
851
207
457
959
1
562
834
791
534
261
356
983
673
480
214
595
570
779
872
798
551
159
419
946
398
968
907
330
638
838
519
347
416
767
185
508
761
338
863
89
517
153
633
725
452
442
681
365
15
574
345
255
483
217
767
948
295
829
149
587
324
176
635
890
136
691
471
208
220
646
8
111
618
526
252
392
277
41
420
842
921
331
97
962
374
531
125
439
944
598
45
539
857
855
345
308
593
205
460
28
606
796
638
188
218
36
760
438
701
698
578
711
362
671
858
391
910
866
831
856
949
759
200
279
615
962
855
908
922
475
954
409
90
770
11
548
166
15
443
971
819
794
723
777
146
932
47
323
166
571
287
254
890
947
329
588
744
673
212
138
115
832
375
395
894
112
430
330
526
281
198
866
11
268
9
226
945
271
562
659
743
22
329
560
46
183
900
833
513
4
793
506
197
378
298
646
894
427
23
20
780
119
540
781
573
826
660
57
347
709
951
174
911
215
729
319
823
760
403
792
459
995
271
781
973
419
765
640
252
708
966
842
605
623
339
860
473
141
598
877
601
585
177
694
204
959
970
546
411
587
480
282
808
541
860
566
563
15
774
784
979
992
321
389
466
836
888
788
159
542
655
104
216
538
65
841
672
794
844
688
143
615
44
833
977
496
164
429
936
372
917
526
783
984
608
523
949
499
399
304
326
220
979
404
194
716
637
59
550
760
621
484
746
241
786
667
518
958
29
334
248
688
406
128
295
649
864
204
553
945
476
687
857
867
978
591
634
85
934
343
367
562
514
602
290
236
141
928
602
567
568
471
144
192
583
915
854
918
473
999
198
702
376
803
437
366
433
213
144
507
475
526
442
519
763
624
635
405
563
967
757
150
122
850
565
447
410
982
377
341
996
173
525
188
799
904
426
19
312
758
681
40
988
995
192
86
57
396
674
735
26
101
408
901
104
442
741
738
994
273
450
321
627
196
356
959
735
107
678
593
865
76
590
176
284
834
337
431
482
631
87
255
600
521
344
654
529
860
589
960
812
860
48
722
317
678
72
684
6
552
964
229
600
420
719
79
104
619
63
922
564
670
195
355
490
176
520
836
982
412
796
115
160
897
445
340
142
736
669
220
158
193
699
732
274
785
622
170
310
972
272
244
856
211
853
88
631
896
654
79
48
113
777
492
293
913
527
341
932
359
725
655
200
224
232
833
906
605
300
58
350
258
911
727
659
924
884
252
166
935
478
256
785
244
419
785
845
894
207
440
524
518
211
2
630
234
82
126
115
309
627
594
446
27
42
285
356
812
766
234
930
484
800
863
367
801
666
170
999
575
53
398
405
990
117
42
77
265
178
145
808
684
413
199
677
689
513
645
596
870
484
100
921
175
993
258
229
350
379
969
530
638
725
295
348
573
701
86
189
181
67
446
856
404
993
364
755
220
76
601
751
966
806
742
144
242
959
791
507
608
405
619
699
793
559
689
65
839
344
786
152
775
510
930
592
452
864
315
808
990
129
40
922
3
163
180
739
687
405
391
153
650
513
284
683
105
717
746
890
68
553
94
533
618
506
67
270
94
232
12
993
463
754
770
158
884
959
185
70
439
306
245
874
51
264
541
805
965
591
481
970
3
718
627
429
882
930
784
783
385
843
531
302
584
319
997
552
114
733
698
363
202
164
271
911
475
285
465
158
266
643
908
551
409
54
963
655
169
193
232
42
513
172
14
289
883
984
819
733
143
75
801
747
390
145
992
392
226
352
559
277
454
950
3
358
784
15
389
284
761
740
932
650
793
109
290
815
757
68
295
839
647
637
78
534
785
703
552
996
456
99
668
619
553
324
274
756
496
871
937
849
72
411
530
192
158
672
