194
222
463
675
871
941
814
835
988
361
360
669
208
337
273
382
787
59
188
194
668
859
326
92
1
723
908
733
692
430
607
391
460
652
126
844
512
45
361
70
894
260
273
633
752
641
917
282
568
369
773
169
632
983
233
798
496
807
718
522
233
737
233
313
803
525
486
981
638
735
608
613
472
588
741
241
534
759
89
691
612
216
555
531
947
553
574
608
767
474
575
247
355
617
534
448
588
321
545
173
313
296
145
516
267
864
814
509
948
375
851
780
906
793
527
748
966
792
226
680
587
695
621
84
878
427
695
640
505
363
384
707
548
87
356
125
611
63
302
875
281
627
718
216
532
925
758
452
702
675
912
505
338
981
183
973
833
243
807
134
485
657
718
349
34
580
921
777
345
735
811
263
287
17
318
673
127
401
848
898
283
209
578
962
695
562
946
294
511
494
525
245
887
33
238
838
789
939
563
402
821
749
101
426
56
229
905
968
598
500
730
4
581
35
285
294
405
593
464
838
855
205
641
280
798
782
588
101
327
131
411
86
921
551
759
26
892
158
667
597
860
567
89
834
288
298
251
287
470
806
858
928
820
78
886
953
204
358
396
744
26
893
302
733
655
947
538
418
638
558
984
58
117
205
498
76
429
459
59
450
522
69
377
233
47
12
715
300
528
254
995
614
708
465
204
803
151
369
969
14
487
823
323
969
92
674
286
78
864
340
175
722
183
934
179
436
950
864
470
136
261
325
950
169
666
79
574
869
841
369
709
560
149
457
556
159
881
453
322
189
778
593
665
95
932
698
881
739
74
282
716
477
454
699
858
132
926
273
249
991
210
674
389
367
444
774
73
705
667
56
74
185
810
455
103
896
261
246
874
806
807
341
962
539
252
733
619
162
941
966
182
843
732
798
970
10
587
471
957
79
528
428
267
134
605
859
775
427
712
917
761
889
244
173
195
3
637
319
390
445
810
760
88
47
663
460
371
987
241
261
495
784
689
647
601
811
57
658
711
884
496
311
956
913
931
383
700
850
172
751
325
889
592
269
735
166
36
889
831
569
873
350
965
902
318
439
124
746
421
109
837
402
427
442
125
574
502
85
565
606
791
646
567
20
215
747
932
966
925
575
199
80
947
352
528
110
385
83
93
894
713
524
369
744
61
236
483
33
48
528
344
896
382
635
9
400
892
480
337
992
904
698
698
401
493
487
900
622
791
788
285
700
558
176
58
248
186
529
428
272
509
327
19
264
857
110
679
484
298
766
615
996
395
288
332
449
441
266
851
399
115
416
47
711
108
918
959
44
166
351
749
367
901
317
447
64
887
442
52
840
161
756
64
496
723
603
526
685
600
55
220
762
230
260
777
302
958
825
586
75
945
425
249
671
5
777
504
776
807
235
684
181
182
746
440
841
210
867
743
457
936
823
9
387
970
642
487
225
324
783
623
663
815
512
733
810
685
896
351
57
483
156
868
576
950
627
418
733
410
547
548
654
345
550
424
832
638
309
756
743
484
899
551
776
968
22
539
902
936
460
122
728
390
864
548
75
414
780
49
708
166
61
265
826
417
507
633
347
112
455
325
475
481
795
622
701
542
755
654
989
171
84
867
155
420
243
878
309
440
526
519
786
369
769
876
820
730
273
421
276
752
977
561
264
503
939
116
606
731
981
572
777
941
303
628
163
857
659
124
74
99
299
528
453
190
543
358
429
951
634
465
448
292
788
202
231
846
933
431
864
854
590
812
976
98
112
993
827
845
552
149
126
640
738
606
252
410
639
522
932
32
728
746
785
380
491
402
822
24
583
250
848
109
260
178
222
891
168
469
729
439
431
135
907
539
895
611
177
239
702
412
779
95
982
610
319
536
289
104
57
308
526
324
824
659
14
932
916
591
329
243
69
65
657
876
167
656
517
629
572
303
488
112
921
821
611
209
888
45
85
374
556
123
644
804
23
9
86
193
673
952
349
561
738
324
749
842
695
316
106
61
894
497
811
482
700
34
463
746
180
144
588
345
718
635
697
451
149
968
568
505
212
745
671
710
824
384
960
823
471
724
446
510
47
378
151
723
548
965
296
1
633
689
612
416
575
592
917
457
877
94
228
99
702
27
742
304
838
134
971
588
873
333
206
7
46
839
462
480
80
278
58
559
337
486
701
882
716
651
500
173
560
243
12
737
478
683
183
748
984
28
300
512
671
732
892
693
613
746
360
927
542
16
712
228
521
323
629
183
905
342
204
241
799
540
76
181
104
803
445
392
44
206
19
290
752
437
630
829
272
