23
824
867
369
95
544
398
424
252
403
185
495
637
779
38
380
773
894
474
207
395
736
410
428
889
399
135
228
433
305
380
694
319
427
296
893
577
959
342
867
5
926
917
614
869
92
929
581
775
62
121
323
657
774
814
959
5
768
958
432
853
566
693
727
479
265
865
755
264
614
353
643
13
32
575
861
127
334
599
447
399
45
812
327
158
172
984
628
388
872
602
28
454
856
774
864
392
239
834
203
813
196
604
252
315
249
138
686
803
165
143
570
78
603
49
888
374
95
684
920
382
817
894
200
699
254
41
658
326
297
977
834
557
888
168
49
879
916
757
921
703
761
339
700
215
161
131
482
772
469
946
988
560
839
239
652
465
423
299
592
866
671
660
331
695
471
434
188
168
807
523
845
874
115
321
164
678
242
295
940
742
922
861
424
986
146
19
79
528
274
868
419
867
215
871
709
712
478
311
971
321
919
807
822
553
749
316
27
259
403
742
630
565
783
336
770
840
984
280
765
281
210
505
577
288
798
268
808
155
344
364
119
314
793
97
978
128
212
454
774
875
896
35
11
867
140
776
926
510
421
317
322
927
24
251
689
27
819
38
864
2
935
814
527
174
903
234
7
598
746
391
255
478
722
97
723
384
524
892
163
605
652
127
284
179
389
575
968
78
205
212
176
818
618
190
129
76
187
203
740
157
544
552
14
322
273
401
258
757
394
96
697
125
247
137
659
528
987
557
261
624
520
367
693
921
951
160
465
924
332
637
665
384
978
807
216
666
144
271
665
385
467
999
66
464
689
630
295
423
679
282
680
663
15
185
96
230
870
964
716
286
999
214
880
625
9
398
567
216
37
135
106
104
342
908
162
264
233
797
739
177
211
756
896
657
321
726
473
144
626
117
459
892
426
436
382
820
760
443
826
200
302
936
501
14
805
356
414
306
292
140
779
22
524
56
553
689
35
197
487
645
316
385
793
524
612
523
660
407
926
337
88
280
228
522
650
465
583
192
364
95
983
765
429
135
584
414
111
991
920
727
444
449
364
681
755
816
834
520
231
317
64
633
586
632
143
90
309
518
582
349
557
235
563
996
171
915
449
118
82
771
929
954
106
758
876
761
78
522
671
970
40
790
569
200
41
143
13
90
921
227
724
584
864
905
480
951
268
761
517
597
18
179
941
72
341
893
682
740
589
269
183
299
430
117
720
881
197
280
179
42
976
360
37
960
485
789
908
909
711
293
883
929
715
900
35
879
462
708
743
767
378
84
838
44
498
723
977
464
260
850
722
763
23
14
792
261
25
275
204
380
736
691
966
605
123
583
789
717
368
292
627
331
931
76
463
814
47
933
752
354
456
556
805
605
1
730
689
114
570
1
273
835
260
263
455
796
360
287
531
562
778
453
601
488
700
979
269
300
137
297
235
383
798
726
614
57
802
186
899
667
994
106
263
451
157
741
930
768
512
838
831
381
170
257
184
325
488
77
558
159
453
132
520
49
416
909
146
324
652
130
523
786
910
226
452
138
725
620
171
406
838
687
65
441
882
454
500
200
709
131
934
857
762
561
311
556
439
178
349
294
76
228
661
788
558
76
823
103
51
183
501
585
209
228
137
593
74
816
284
27
572
324
132
344
264
889
700
563
822
198
952
846
700
32
817
622
260
889
906
819
90
674
993
146
437
536
339
587
396
736
222
985
664
243
876
250
532
553
779
148
741
459
4
501
144
438
788
478
904
666
858
224
241
343
815
123
694
145
698
253
574
752
532
559
79
166
653
730
295
506
525
590
474
695
789
452
888
178
684
856
513
941
863
129
101
417
488
672
969
391
328
513
162
953
691
334
560
102
993
437
533
16
380
332
387
928
74
104
320
195
588
526
867
646
953
392
944
996
892
470
781
953
511
107
662
573
2
227
556
266
513
553
6
382
604
567
68
131
192
457
383
99
119
643
681
515
795
151
76
8
526
973
676
134
701
67
406
521
989
778
884
115
31
869
890
750
854
474
162
87
417
883
833
922
566
333
165
339
624
280
231
767
363
134
826
532
269
431
365
15
587
128
624
878
241
886
318
38
505
196
488
594
885
800
485
140
316
847
445
632
5
314
186
357
317
332
324
889
566
539
147
758
256
451
493
955
308
661
264
93
362
670
757
251
641
941
59
509
286
424
887
168
527
27
760
862
986
41
95
800
624
518
964
224
13
524
548
19
819
138
200
72
633
111
224
773
520
418
634
11
871
565
827
661
870
524
907
182
56
242
621
829
416
571
841
957
106
401
275
