538
383
312
98
290
315
299
960
18
712
282
740
354
500
320
306
20
857
388
192
238
122
803
889
291
885
551
727
192
353
689
209
44
191
631
513
741
611
662
733
147
331
838
954
748
342
699
927
919
497
789
114
538
131
518
33
827
865
258
74
942
402
363
860
727
164
925
962
882
71
124
7
849
427
142
111
372
560
818
781
857
40
943
467
788
11
699
488
660
778
236
601
644
52
117
749
97
25
487
520
422
913
14
561
635
104
120
992
309
304
504
872
797
488
822
561
10
476
335
193
912
207
177
357
846
568
260
982
547
578
705
122
67
743
754
805
619
17
75
192
230
191
968
337
692
849
847
135
82
938
737
458
506
932
959
953
926
470
304
641
313
874
675
872
368
929
158
289
184
478
410
733
311
206
240
422
371
877
359
675
996
195
722
236
55
824
944
243
259
993
52
689
237
655
841
518
957
275
676
308
953
236
675
657
646
602
989
17
612
981
975
979
939
717
672
721
112
405
573
777
736
731
626
368
732
111
940
899
509
789
466
913
254
251
498
938
480
94
124
276
748
11
895
392
681
143
271
981
241
800
915
242
637
400
698
486
766
570
883
804
368
466
754
717
646
348
5
479
352
633
943
69
239
133
379
661
901
392
0
44
148
231
68
808
292
408
717
908
655
502
581
524
774
184
329
224
294
814
204
57
74
225
598
378
634
146
240
406
987
774
800
945
57
288
424
333
226
872
196
542
349
352
539
492
314
489
214
976
954
501
190
303
772
953
604
753
133
675
609
681
915
642
267
818
844
337
247
352
849
331
698
380
488
639
571
987
834
408
340
922
759
799
722
340
181
897
891
587
112
735
248
809
93
359
624
35
596
955
499
437
896
772
188
956
114
901
631
568
892
464
364
889
552
635
459
315
375
520
883
490
751
165
4
558
755
605
595
583
838
572
295
121
363
579
325
896
781
702
120
778
575
463
488
500
48
837
855
669
884
530
43
179
194
553
392
409
989
525
442
873
486
559
602
167
161
493
434
720
212
775
642
7
271
180
394
751
74
650
576
537
970
809
504
753
894
716
230
297
936
517
635
766
603
392
328
446
367
312
716
491
643
877
885
876
455
209
528
417
305
619
788
288
740
943
323
389
650
861
98
413
11
477
211
829
861
459
440
639
98
357
547
913
320
730
282
941
664
603
423
926
424
297
949
613
486
20
871
792
841
365
430
422
100
384
965
406
682
650
960
505
177
251
956
546
42
878
75
507
124
806
624
243
152
981
30
186
599
932
39
507
211
621
700
421
161
940
433
185
916
875
406
778
623
249
527
562
920
32
592
86
795
159
510
511
952
242
533
537
877
994
842
123
979
72
998
919
80
725
498
693
107
57
547
820
368
521
373
507
788
453
263
16
323
318
409
793
121
945
422
257
624
781
235
59
710
382
108
315
946
703
64
69
368
920
681
291
917
47
54
127
807
202
58
837
900
31
417
497
261
880
137
636
622
309
393
283
994
64
923
542
559
785
725
138
330
392
730
48
154
610
763
533
348
979
930
175
286
517
241
957
187
766
52
895
486
162
477
400
681
753
563
468
566
802
103
867
194
41
264
169
554
25
304
457
435
271
411
156
514
256
884
853
245
440
314
554
851
776
488
366
925
610
77
587
595
746
301
910
965
278
711
735
198
780
662
362
528
799
225
303
763
421
566
142
752
668
221
570
684
648
936
251
86
897
203
989
96
963
616
283
935
558
963
80
823
339
503
668
257
318
79
791
376
815
794
21
796
922
272
687
7
645
831
261
45
270
759
609
15
761
45
261
374
553
395
367
120
8
213
537
6
652
790
698
520
714
509
723
718
768
634
990
130
217
990
512
731
135
948
605
37
457
959
199
24
72
472
429
480
666
997
262
463
863
732
414
70
542
877
57
525
391
381
956
765
588
232
785
421
592
384
739
118
307
920
312
132
346
352
233
442
995
329
432
55
466
910
649
622
587
748
628
354
34
311
110
319
629
155
368
266
288
779
122
26
904
550
906
627
924
977
733
698
779
704
997
867
75
761
399
78
394
240
291
820
43
688
405
812
69
304
632
268
730
143
842
6
80
377
895
282
819
802
409
624
256
68
970
733
173
916
861
135
528
305
103
341
374
19
619
863
178
581
576
71
754
124
436
472
920
184
985
905
466
920
542
994
460
836
673
24
387
824
843
837
483
465
640
480
618
314
67
425
670
471
57
456
820
489
447
364
365
312
980
847
549
900
844
293
589
868
716
923
384
50
991
847
913
173
859
