868
596
1
784
779
581
299
849
669
534
776
138
503
271
824
221
307
705
322
821
795
904
810
302
529
357
16
155
192
739
830
864
152
616
653
797
953
367
231
782
340
659
748
962
734
659
259
562
932
441
859
364
321
496
777
405
510
663
62
322
760
795
67
121
330
903
475
116
552
858
780
762
426
256
960
754
759
895
125
743
282
3
775
432
74
889
302
607
987
833
637
102
858
780
172
656
925
100
105
968
916
796
642
819
176
238
678
124
921
74
987
91
129
520
435
218
579
371
464
123
456
557
245
493
463
292
404
56
453
998
472
569
556
118
181
720
957
188
390
858
665
519
473
211
437
922
645
91
902
416
574
867
20
657
122
197
74
984
347
573
547
359
195
176
88
571
239
11
339
142
425
516
425
255
365
27
73
937
28
3
674
836
732
232
517
625
571
706
572
911
480
921
108
209
497
605
291
954
161
322
182
508
700
392
446
179
575
884
247
97
557
248
693
655
55
717
15
754
874
15
643
215
21
696
152
888
943
432
314
63
685
481
641
489
297
359
242
195
925
494
731
859
283
880
76
514
51
357
640
543
231
417
198
678
364
910
456
703
834
78
116
852
815
269
773
327
514
755
647
790
604
711
989
941
451
708
651
168
680
88
607
274
714
981
398
346
331
197
450
915
537
807
778
450
207
860
403
774
452
363
361
315
271
709
800
755
132
3
837
936
743
782
163
45
159
696
51
677
606
521
760
427
861
565
902
474
925
449
666
120
866
619
237
402
525
500
14
486
55
769
541
218
290
586
841
838
406
325
368
548
340
289
768
337
80
558
805
606
649
101
939
781
499
703
232
94
13
928
815
883
435
414
521
104
560
751
595
351
674
716
456
857
97
75
879
74
531
539
205
276
290
675
416
919
663
717
418
174
556
360
32
485
287
794
482
150
408
60
483
649
308
268
767
89
958
526
379
97
990
348
934
25
466
870
357
14
966
153
373
951
772
167
923
947
90
912
325
158
627
616
643
79
166
553
866
431
170
992
926
816
833
799
338
96
671
272
565
576
42
676
331
953
916
969
865
371
383
840
64
43
387
222
990
407
929
724
709
978
832
881
549
823
151
949
946
350
956
372
111
796
27
646
513
677
873
191
861
671
514
678
655
624
137
477
387
306
165
328
519
389
24
212
780
206
209
102
661
574
711
872
348
584
727
120
757
36
319
844
637
775
705
988
642
584
180
748
177
715
11
590
699
196
588
449
663
915
997
609
797
800
646
297
508
947
552
240
329
810
638
968
610
308
71
243
662
661
847
460
376
539
911
261
468
829
397
428
781
161
551
441
801
201
639
905
945
903
683
657
892
879
909
164
768
261
562
576
740
295
944
416
448
628
543
378
146
565
643
946
742
339
636
522
456
401
827
467
276
59
599
317
753
318
941
612
997
21
313
796
344
530
252
555
101
685
281
176
433
25
904
661
710
289
740
183
430
749
854
627
339
423
917
956
932
567
891
523
377
23
440
474
624
975
91
163
966
636
892
550
558
181
711
653
75
678
195
213
892
820
229
502
924
899
755
425
624
277
975
700
405
4
121
796
833
981
943
834
548
93
267
859
835
486
949
396
960
646
385
421
992
890
455
164
322
954
845
93
384
641
419
830
902
218
225
978
167
792
270
913
205
739
915
588
650
450
450
555
328
696
152
784
917
111
907
279
295
41
508
749
420
252
61
349
53
515
391
826
276
405
20
984
429
909
782
177
620
910
461
949
842
888
389
341
786
234
378
464
135
931
917
338
972
769
905
45
660
755
624
316
720
3
616
647
167
522
244
939
612
934
463
202
557
968
986
52
254
957
53
906
435
737
323
347
90
43
856
52
988
828
362
779
989
874
790
869
455
79
956
121
290
489
176
457
42
351
651
449
360
435
120
734
125
707
933
554
523
619
873
956
685
822
142
927
502
309
694
894
937
968
55
400
470
894
413
948
588
731
766
580
679
963
678
885
975
46
780
723
226
588
953
769
276
954
420
716
477
657
142
68
166
808
920
857
129
130
918
926
901
583
177
512
765
947
766
263
836
95
583
607
713
626
770
69
139
898
695
745
137
294
350
949
167
615
232
435
916
263
186
431
517
910
974
291
341
258
515
544
949
286
268
300
129
548
909
635
338
747
755
120
69
47
485
851
971
903
998
556
371
729
78
336
500
485
587
576
644
252
499
526
331
765
635
700
803
117
50
832
304
106
53
789
236
656
384
188
986
361
970
711
984
385
369
758
552
657
649
344
698
846
282
812
