540
604
171
374
948
761
615
20
105
478
7
4
354
108
850
959
878
631
314
781
110
132
100
327
235
43
169
454
985
808
345
50
607
559
791
493
473
114
491
25
815
247
220
94
707
332
299
96
954
154
102
851
492
272
390
552
782
450
497
371
751
562
116
231
504
556
432
935
99
120
377
693
408
276
550
128
403
255
53
137
88
698
713
120
299
445
807
698
523
635
427
135
648
210
351
161
51
285
905
101
598
793
757
866
94
605
366
367
892
282
496
960
792
749
998
947
208
376
848
167
479
964
265
521
438
436
137
729
897
573
997
970
625
792
848
529
8
729
798
998
401
790
658
749
714
796
322
108
384
196
974
138
484
607
311
538
145
911
232
848
532
470
566
594
674
289
355
535
934
399
409
58
657
922
912
774
28
426
110
445
963
266
775
820
745
265
450
250
44
33
823
591
371
368
577
785
582
194
886
254
293
53
924
604
841
675
615
877
819
346
886
218
733
799
455
595
132
631
140
331
686
268
752
384
582
601
540
439
759
860
996
3
375
93
981
292
404
154
941
521
907
569
331
97
985
349
709
718
422
906
459
918
517
651
821
569
685
421
72
632
148
716
543
158
382
615
430
795
966
461
200
921
504
592
577
377
22
307
901
821
106
481
979
757
482
218
224
343
682
508
244
773
349
532
38
541
221
992
786
578
419
531
512
975
135
68
413
377
912
321
818
130
411
805
243
687
450
228
131
133
603
878
524
508
205
768
445
628
388
895
511
694
999
682
193
46
742
98
768
149
438
487
983
859
488
434
344
442
933
833
634
457
25
845
796
734
206
724
775
418
117
117
563
166
805
684
791
889
283
390
494
287
707
544
503
654
414
132
174
228
175
679
686
662
314
995
980
995
846
871
35
641
260
326
714
272
983
552
361
665
723
122
469
388
403
146
192
667
302
510
287
995
256
606
48
233
331
259
961
673
853
756
605
146
259
691
859
991
299
209
86
798
109
526
159
386
799
267
998
113
990
31
549
934
764
945
398
466
621
137
151
514
169
836
193
833
986
211
730
264
230
474
682
968
269
178
612
977
607
29
447
535
82
133
465
86
582
454
3
642
174
802
448
776
397
117
525
13
984
247
125
375
343
619
595
873
319
752
914
852
355
764
946
63
469
863
254
525
484
873
954
498
230
22
150
566
604
679
84
646
706
503
872
40
303
354
100
990
770
974
803
299
919
399
825
416
140
69
551
903
173
497
600
941
257
958
439
524
400
819
874
973
404
696
804
28
776
546
212
68
289
169
884
673
77
937
83
975
850
214
309
875
767
851
819
563
119
30
157
717
284
533
696
735
289
905
557
534
97
924
235
455
121
838
276
183
422
283
895
133
890
67
41
995
190
182
940
539
476
808
422
139
879
169
309
630
39
301
639
234
374
616
648
117
945
368
551
211
757
426
134
705
475
946
159
532
510
476
19
987
661
525
949
415
418
708
717
207
756
815
40
844
645
313
29
930
685
322
392
423
433
159
995
624
750
907
534
237
778
163
951
785
806
696
992
179
524
194
513
930
889
793
121
770
269
572
819
222
678
823
23
474
595
597
132
842
827
187
348
615
413
657
306
517
954
280
358
350
34
876
766
932
23
685
115
585
470
749
908
77
702
913
170
894
759
39
633
752
835
751
7
131
257
175
212
73
635
58
835
177
560
847
839
440
231
425
503
702
385
626
808
528
643
187
261
541
163
419
966
8
91
559
979
834
870
629
765
969
500
377
315
539
737
243
254
28
643
976
209
475
116
850
801
999
13
150
586
971
190
297
655
625
582
250
184
290
615
714
14
653
13
584
817
709
849
737
240
260
178
916
799
513
804
833
635
92
809
516
827
926
518
336
848
31
272
73
353
878
521
545
552
417
806
342
336
710
970
339
823
647
164
298
382
182
754
119
927
476
437
283
844
760
241
254
642
35
194
977
997
47
808
770
857
313
123
569
376
201
535
710
41
142
101
562
706
967
600
715
70
169
493
737
586
651
36
218
926
619
721
848
868
260
325
139
264
681
124
176
384
367
459
416
145
197
653
318
652
974
375
24
14
857
994
602
809
397
683
67
963
14
780
387
329
610
75
816
233
378
794
379
293
661
815
858
147
847
482
505
575
689
950
789
755
25
147
519
683
559
911
176
630
926
386
35
948
150
459
990
291
540
587
617
341
297
497
729
471
340
495
737
416
706
733
890
911
951
807
88
256
809
169
368
318
609
298
197
5
688
219
945
955
578
576
424
283
5
653
769
975
189
