867
463
517
311
315
58
701
312
759
963
445
954
307
162
798
207
312
846
794
25
595
215
519
213
943
455
396
480
674
956
59
447
695
226
253
570
591
94
957
348
356
122
881
860
710
146
968
795
949
571
558
835
980
784
279
307
61
535
900
712
202
153
460
904
13
887
284
235
761
557
58
879
841
283
265
53
462
712
163
868
505
523
264
56
530
107
828
464
750
838
639
322
11
644
466
436
947
344
824
819
760
827
148
131
993
358
754
321
159
207
676
401
314
448
210
390
616
983
289
958
820
597
296
723
849
524
7
537
793
265
802
38
43
811
716
129
675
863
847
844
811
241
867
202
306
703
166
386
320
410
90
684
687
697
549
755
583
325
80
652
856
805
650
282
217
659
638
900
679
258
392
879
99
192
399
182
566
352
759
87
248
679
430
988
970
606
486
723
292
341
72
32
976
680
762
464
500
118
254
630
42
808
618
934
793
227
336
462
531
549
563
711
459
450
448
723
678
694
147
635
167
822
452
783
829
803
836
433
222
357
537
989
620
856
279
372
634
414
897
592
696
864
519
207
484
133
243
833
704
440
901
188
237
183
923
652
604
512
533
833
899
437
404
46
956
785
9
906
888
235
828
330
283
716
788
984
727
989
845
562
471
72
707
728
79
69
822
682
683
319
937
982
157
918
626
325
119
470
13
122
871
170
388
859
647
329
174
483
796
124
34
470
986
805
739
430
718
755
279
475
55
883
364
658
376
761
825
370
204
34
457
38
376
688
786
595
25
395
929
425
28
471
806
619
488
399
163
660
340
841
46
347
13
966
6
79
280
82
507
980
3
287
238
828
963
653
881
210
572
939
602
398
220
455
234
527
127
266
150
291
200
778
463
295
426
406
196
549
3
370
523
913
624
479
860
828
996
334
282
848
853
629
255
524
168
0
861
964
778
927
851
447
336
185
337
291
920
389
646
227
665
48
101
597
988
869
854
244
860
45
533
500
410
413
896
312
679
731
492
437
843
176
315
852
123
573
808
615
745
269
76
887
779
775
763
616
329
50
997
285
168
929
272
275
819
104
932
506
738
944
492
242
175
242
105
36
614
61
981
68
85
67
219
396
4
114
654
240
256
916
192
867
491
335
691
122
883
688
427
609
707
21
17
143
428
6
102
645
526
182
157
380
591
678
826
33
757
309
736
815
847
852
835
226
747
150
218
531
795
733
58
516
957
422
618
181
598
336
729
900
638
39
616
322
110
493
55
957
323
208
941
657
330
308
147
110
471
348
440
87
168
555
877
698
400
434
325
827
24
628
485
626
728
964
544
943
84
599
494
566
177
416
292
897
452
700
385
668
198
956
199
562
813
617
59
990
839
69
575
395
259
904
896
163
33
919
621
717
252
301
784
180
574
978
839
650
404
148
258
79
23
774
742
976
468
837
294
471
420
875
40
651
554
243
167
373
321
826
346
83
174
490
99
611
985
477
745
392
116
833
112
365
448
895
334
624
843
793
167
240
685
817
206
92
182
488
779
413
287
575
459
909
905
226
457
870
164
652
898
125
877
603
460
127
51
69
833
550
514
116
639
68
25
117
883
160
791
497
484
471
574
494
379
160
953
58
915
11
106
526
438
259
533
279
889
779
127
504
172
659
873
909
816
696
839
321
621
779
743
359
3
605
520
868
106
741
89
786
406
359
900
687
107
665
654
680
380
898
109
982
342
160
175
343
407
958
806
429
943
765
746
422
113
907
312
523
188
407
984
500
923
430
783
208
217
207
475
661
643
520
870
972
535
124
601
913
977
826
171
709
257
337
17
438
806
628
182
833
636
999
155
925
75
59
570
551
123
665
64
845
481
105
672
853
38
726
762
967
465
859
55
259
206
838
255
74
560
714
737
538
394
592
175
574
957
9
668
957
563
258
612
300
703
738
394
392
102
852
206
108
536
326
106
425
29
458
918
491
811
590
825
855
43
658
500
125
342
645
875
890
981
398
393
295
810
386
417
799
413
862
189
365
451
313
586
615
993
544
900
697
316
768
838
49
732
650
432
37
93
732
156
772
247
246
596
95
300
490
178
897
624
479
387
44
645
652
846
949
328
447
207
346
318
432
43
640
820
875
652
488
591
343
603
360
180
683
858
653
998
399
111
268
808
452
616
807
160
467
883
874
756
444
183
79
497
770
21
115
796
87
337
931
214
141
517
552
794
703
65
456
297
109
421
125
111
30
51
630
17
135
953
103
531
643
604
907
657
743
872
587
413
214
381
103
145
311
5
627
267
544
