259
339
910
205
82
290
315
460
190
893
273
911
963
684
785
788
254
754
145
729
756
470
589
41
820
967
62
464
387
486
832
794
379
651
823
39
247
589
177
887
648
306
311
216
174
595
102
722
954
476
257
84
817
956
400
434
278
864
51
916
347
809
926
375
757
84
990
646
983
328
897
664
107
162
532
412
528
996
581
594
997
4
81
989
624
986
218
464
244
842
601
421
961
940
842
326
28
737
553
596
481
848
147
622
3
443
94
102
837
970
845
247
313
280
139
831
197
721
521
326
881
391
826
402
233
347
0
911
95
231
54
710
819
340
507
415
972
482
613
440
498
925
677
295
948
67
742
322
570
688
764
897
973
918
971
717
226
485
142
306
193
776
741
522
126
141
271
820
761
461
635
236
934
765
19
518
609
665
277
461
27
808
410
246
480
548
277
170
569
459
54
30
442
679
617
48
62
630
116
128
5
405
748
912
216
549
754
657
75
218
196
406
736
891
154
729
993
181
321
685
96
167
243
48
912
61
888
632
133
557
991
628
423
290
809
507
455
251
57
549
745
310
288
202
91
282
308
585
548
35
351
891
185
760
974
191
527
515
287
833
363
504
149
988
35
78
631
56
558
973
898
486
661
309
654
944
996
541
52
173
943
515
711
570
883
124
207
721
672
106
743
358
566
397
468
902
861
684
400
317
949
951
433
830
101
793
922
431
34
537
725
169
252
682
202
167
464
874
323
59
956
709
626
105
171
867
46
994
901
370
834
120
367
519
753
700
710
978
626
334
561
230
812
146
374
751
398
698
337
286
192
727
212
189
714
168
364
624
749
26
237
325
58
641
972
10
40
197
284
857
904
914
542
556
204
648
209
62
685
171
468
576
476
334
774
221
160
802
152
128
475
83
709
342
365
827
182
566
809
929
471
139
783
528
766
902
462
8
939
945
936
297
119
627
750
885
326
135
329
667
6
617
656
635
761
171
874
410
715
774
881
413
254
805
948
544
672
341
631
48
683
276
859
569
125
398
639
704
74
569
793
341
635
388
525
803
149
2
561
625
667
31
766
52
651
183
471
428
755
667
460
108
26
458
791
968
936
826
806
528
777
953
848
937
827
545
212
533
527
214
940
86
703
530
384
479
303
101
728
341
699
47
344
638
535
488
448
898
179
140
34
692
467
598
421
394
128
424
575
637
279
80
701
906
165
738
660
590
391
786
460
203
986
785
777
61
773
81
136
889
934
632
36
513
423
740
315
865
145
669
49
65
985
749
84
54
661
838
343
713
482
740
753
444
581
735
506
124
825
74
182
30
257
297
779
450
441
242
513
792
647
963
977
479
758
382
200
879
958
80
597
214
153
528
968
127
699
14
421
529
202
224
126
836
448
813
397
162
107
745
678
470
336
952
691
816
461
806
407
425
311
643
85
765
686
198
201
165
769
122
798
480
834
958
188
475
365
302
904
592
79
748
924
657
22
23
300
327
472
482
433
712
12
864
380
627
72
382
73
600
133
123
872
159
573
869
354
712
726
911
267
63
549
785
297
670
859
131
730
791
51
783
495
6
522
412
912
614
989
666
166
150
783
188
960
600
461
289
559
548
664
176
428
438
593
203
939
665
95
55
136
530
336
447
515
968
9
311
470
624
478
355
957
945
65
754
188
52
888
304
125
361
674
991
846
221
56
313
96
356
906
590
382
476
655
2
201
50
389
709
311
642
894
630
325
225
958
30
329
991
376
366
988
921
453
134
944
942
930
482
736
966
621
520
888
650
795
903
695
133
907
581
80
874
100
847
638
810
614
726
227
366
627
418
336
952
711
648
931
677
655
449
391
62
855
900
869
568
676
375
230
748
1
708
142
198
849
216
686
993
488
610
436
111
817
706
377
995
413
675
970
882
600
159
354
369
573
496
169
606
287
219
24
278
645
54
897
169
885
706
759
791
428
993
173
654
738
775
104
929
167
20
948
337
738
558
998
39
806
309
163
898
212
401
142
691
592
439
603
589
47
403
768
686
333
486
736
647
992
128
466
886
538
918
407
441
741
710
76
166
67
632
61
64
950
471
110
544
687
480
862
521
606
381
317
804
494
542
389
567
961
401
944
553
649
545
357
520
366
144
374
867
31
642
656
996
161
545
593
505
304
935
621
825
608
946
574
994
678
457
360
975
633
295
508
117
311
169
386
499
771
689
667
837
452
723
898
530
325
0
154
597
289
494
511
807
76
748
446
537
131
407
491
253
894
0
342
531
41
481
914
256
819
105
566
646
277
944
299
391
